    0	      0,000	       0
    1	      5,733	       0
    2	     11,466	       0
    3	     17,199	       0
    4	     22,932	       0
    5	     28,665	       0
    6	     34,398	       0
    7	     40,131	       0
    8	     45,864	       0
    9	     51,597	       0
   10	     57,330	       0
   11	     63,063	       0
   12	     68,796	       0
   13	     74,529	       0
   14	     80,262	       0
   15	     85,995	       0
   16	     91,728	       0
   17	     97,461	       0
   18	    103,194	       0
   19	    108,927	       0
   20	    114,660	       0
   21	    120,393	       0
   22	    126,126	       0
   23	    131,859	       0
   24	    137,592	       0
   25	    143,325	       0
   26	    149,058	       0
   27	    154,791	       0
   28	    160,524	       0
   29	    166,257	       0
   30	    171,990	       0
   31	    177,723	       0
   32	    183,456	       0
   33	    189,189	       0
   34	    194,922	       0
   35	    200,655	       0
   36	    206,388	       0
   37	    212,121	       0
   38	    217,854	       0
   39	    223,587	       0
   40	    229,320	       0
   41	    235,053	       0
   42	    240,786	       0
   43	    246,519	       0
   44	    252,252	       0
   45	    257,985	       0
   46	    263,718	       0
   47	    269,451	       0
   48	    275,184	       0
   49	    280,917	       0
   50	    286,650	       0
   51	    292,383	       0
   52	    298,116	       0
   53	    303,849	       0
   54	    309,582	       0
   55	    315,315	       0
   56	    321,048	       0
   57	    326,781	       0
   58	    332,514	       0
   59	    338,247	       0
   60	    343,980	       0
   61	    349,713	       7
   62	    355,446	       6
   63	    361,179	       4
   64	    366,912	      10
   65	    372,645	       2
   66	    378,378	       4
   67	    384,111	       5
   68	    389,844	       4
   69	    395,577	       6
   70	    401,310	       8
   71	    407,043	       9
   72	    412,776	       7
   73	    418,509	      10
   74	    424,242	       4
   75	    429,975	       7
   76	    435,708	       7
   77	    441,441	       4
   78	    447,174	       8
   79	    452,907	       9
   80	    458,640	       9
   81	    464,373	      11
   82	    470,106	      13
   83	    475,839	       2
   84	    481,573	       6
   85	    487,306	       6
   86	    493,039	       8
   87	    498,772	       7
   88	    504,505	       3
   89	    510,238	       7
   90	    515,971	       6
   91	    521,704	       7
   92	    527,437	       4
   93	    533,170	       2
   94	    538,903	       3
   95	    544,636	       2
   96	    550,369	       3
   97	    556,102	       1
   98	    561,835	       2
   99	    567,568	       5
  100	    573,301	       2
  101	    579,034	       2
  102	    584,767	       2
  103	    590,500	       2
  104	    596,233	       1
  105	    601,966	       1
  106	    607,699	       2
  107	    613,432	       2
  108	    619,165	       0
  109	    624,898	       0
  110	    630,631	       2
  111	    636,364	       2
  112	    642,097	       3
  113	    647,830	       3
  114	    653,563	       5
  115	    659,296	       3
  116	    665,029	       1
  117	    670,762	       3
  118	    676,495	       2
  119	    682,228	       1
  120	    687,961	       2
  121	    693,694	       3
  122	    699,427	       3
  123	    705,160	       0
  124	    710,893	       5
  125	    716,626	       3
  126	    722,359	       0
  127	    728,092	       3
  128	    733,825	       4
  129	    739,558	       1
  130	    745,291	       2
  131	    751,024	       3
  132	    756,757	       2
  133	    762,490	       1
  134	    768,223	       2
  135	    773,956	       5
  136	    779,689	       0
  137	    785,422	       3
  138	    791,155	       2
  139	    796,888	       2
  140	    802,621	       3
  141	    808,354	       0
  142	    814,087	       4
  143	    819,820	       2
  144	    825,553	       5
  145	    831,286	       2
  146	    837,019	       3
  147	    842,752	       1
  148	    848,485	       5
  149	    854,218	       4
  150	    859,951	       1
  151	    865,684	       1
  152	    871,417	       0
  153	    877,150	       4
  154	    882,883	       2
  155	    888,616	       2
  156	    894,349	       2
  157	    900,082	       1
  158	    905,815	       0
  159	    911,548	       1
  160	    917,281	       4
  161	    923,014	       1
  162	    928,747	       2
  163	    934,480	       3
  164	    940,213	       4
  165	    945,946	       2
  166	    951,679	       4
  167	    957,412	       0
  168	    963,145	       1
  169	    968,878	       1
  170	    974,611	       2
  171	    980,344	       4
  172	    986,077	       4
  173	    991,810	       1
  174	    997,543	       0
  175	   1003,276	       2
  176	   1009,009	       4
  177	   1014,742	       1
  178	   1020,475	       4
  179	   1026,208	       0
  180	   1031,941	       3
  181	   1037,674	       1
  182	   1043,407	       1
  183	   1049,140	       1
  184	   1054,873	       0
  185	   1060,606	       0
  186	   1066,339	       3
  187	   1072,072	       4
  188	   1077,805	       2
  189	   1083,538	       0
  190	   1089,271	       2
  191	   1095,004	       1
  192	   1100,737	       0
  193	   1106,470	       2
  194	   1112,203	       1
  195	   1117,936	       0
  196	   1123,669	       2
  197	   1129,402	       3
  198	   1135,135	       1
  199	   1140,868	       3
  200	   1146,601	       0
  201	   1152,334	       2
  202	   1158,067	       5
  203	   1163,800	       4
  204	   1169,533	       2
  205	   1175,266	       0
  206	   1180,999	       0
  207	   1186,732	       2
  208	   1192,465	       3
  209	   1198,198	       0
  210	   1203,931	       7
  211	   1209,664	       1
  212	   1215,397	       3
  213	   1221,130	       1
  214	   1226,863	       2
  215	   1232,596	       2
  216	   1238,329	       2
  217	   1244,062	       1
  218	   1249,795	       0
  219	   1255,528	       1
  220	   1261,261	       4
  221	   1266,994	       4
  222	   1272,727	       1
  223	   1278,460	       1
  224	   1284,193	       1
  225	   1289,926	       2
  226	   1295,659	       1
  227	   1301,392	       0
  228	   1307,125	       0
  229	   1312,858	       2
  230	   1318,591	       3
  231	   1324,324	       1
  232	   1330,057	       3
  233	   1335,790	       2
  234	   1341,523	       2
  235	   1347,256	       2
  236	   1352,989	       2
  237	   1358,722	       5
  238	   1364,455	       4
  239	   1370,188	       5
  240	   1375,921	       3
  241	   1381,654	       1
  242	   1387,387	       5
  243	   1393,120	       3
  244	   1398,853	       2
  245	   1404,586	       2
  246	   1410,319	       4
  247	   1416,052	       0
  248	   1421,785	       3
  249	   1427,518	       2
  250	   1433,252	       4
  251	   1438,985	       1
  252	   1444,718	       0
  253	   1450,451	       1
  254	   1456,184	       0
  255	   1461,917	       4
  256	   1467,650	       2
  257	   1473,383	       2
  258	   1479,116	       3
  259	   1484,849	       4
  260	   1490,582	       1
  261	   1496,315	       3
  262	   1502,048	       1
  263	   1507,781	       1
  264	   1513,514	       2
  265	   1519,247	       4
  266	   1524,980	       2
  267	   1530,713	       1
  268	   1536,446	       0
  269	   1542,179	       2
  270	   1547,912	       2
  271	   1553,645	       1
  272	   1559,378	       2
  273	   1565,111	       6
  274	   1570,844	       0
  275	   1576,577	       4
  276	   1582,310	       1
  277	   1588,043	       0
  278	   1593,776	       2
  279	   1599,509	       1
  280	   1605,242	       2
  281	   1610,975	       3
  282	   1616,708	       4
  283	   1622,441	       2
  284	   1628,174	       5
  285	   1633,907	       4
  286	   1639,640	       3
  287	   1645,373	       1
  288	   1651,106	       1
  289	   1656,839	       0
  290	   1662,572	       2
  291	   1668,305	       1
  292	   1674,038	       2
  293	   1679,771	       3
  294	   1685,504	       0
  295	   1691,237	       2
  296	   1696,970	       2
  297	   1702,703	       2
  298	   1708,436	       3
  299	   1714,169	       1
  300	   1719,902	       4
  301	   1725,635	       2
  302	   1731,368	       3
  303	   1737,101	       3
  304	   1742,834	       2
  305	   1748,567	       1
  306	   1754,300	       0
  307	   1760,033	       0
  308	   1765,766	       2
  309	   1771,499	       4
  310	   1777,232	       0
  311	   1782,965	       5
  312	   1788,698	       1
  313	   1794,431	       1
  314	   1800,164	       3
  315	   1805,897	       2
  316	   1811,630	       1
  317	   1817,363	       4
  318	   1823,096	       3
  319	   1828,829	       2
  320	   1834,562	       4
  321	   1840,295	       0
  322	   1846,028	       4
  323	   1851,761	       6
  324	   1857,494	       2
  325	   1863,227	       3
  326	   1868,960	       3
  327	   1874,693	       3
  328	   1880,426	       3
  329	   1886,159	       2
  330	   1891,892	       3
  331	   1897,625	       2
  332	   1903,358	       0
  333	   1909,091	       3
  334	   1914,824	       3
  335	   1920,557	       3
  336	   1926,290	       6
  337	   1932,023	       5
  338	   1937,756	       1
  339	   1943,489	       5
  340	   1949,222	       3
  341	   1954,955	       3
  342	   1960,688	       5
  343	   1966,421	       1
  344	   1972,154	       3
  345	   1977,887	       2
  346	   1983,620	       2
  347	   1989,353	       3
  348	   1995,086	       2
  349	   2000,819	       2
  350	   2006,552	       4
  351	   2012,285	       1
  352	   2018,018	       5
  353	   2023,751	       2
  354	   2029,484	       4
  355	   2035,217	       5
  356	   2040,950	       2
  357	   2046,683	       3
  358	   2052,416	       5
  359	   2058,149	       3
  360	   2063,882	       4
  361	   2069,615	       6
  362	   2075,348	       3
  363	   2081,081	       1
  364	   2086,814	       2
  365	   2092,547	       5
  366	   2098,280	       5
  367	   2104,013	       3
  368	   2109,746	       2
  369	   2115,479	       2
  370	   2121,212	       2
  371	   2126,945	       4
  372	   2132,678	       6
  373	   2138,411	       1
  374	   2144,144	       5
  375	   2149,877	       3
  376	   2155,610	       1
  377	   2161,343	       7
  378	   2167,076	       2
  379	   2172,809	       5
  380	   2178,542	       1
  381	   2184,275	       2
  382	   2190,008	       2
  383	   2195,741	       1
  384	   2201,474	       3
  385	   2207,207	       1
  386	   2212,940	       2
  387	   2218,673	       3
  388	   2224,406	       4
  389	   2230,139	       5
  390	   2235,872	       0
  391	   2241,605	       4
  392	   2247,338	       2
  393	   2253,071	       3
  394	   2258,804	       4
  395	   2264,537	       5
  396	   2270,270	       4
  397	   2276,003	       4
  398	   2281,736	       2
  399	   2287,469	       2
  400	   2293,202	       4
  401	   2298,935	       4
  402	   2304,668	       3
  403	   2310,401	       2
  404	   2316,134	       4
  405	   2321,867	       6
  406	   2327,600	       2
  407	   2333,333	       5
  408	   2339,066	       3
  409	   2344,799	       3
  410	   2350,532	       4
  411	   2356,265	       3
  412	   2361,998	       3
  413	   2367,731	       5
  414	   2373,464	       4
  415	   2379,197	       2
  416	   2384,930	       4
  417	   2390,664	       4
  418	   2396,397	       7
  419	   2402,130	       5
  420	   2407,863	       5
  421	   2413,596	       4
  422	   2419,329	       1
  423	   2425,062	       2
  424	   2430,795	       2
  425	   2436,528	       1
  426	   2442,261	       3
  427	   2447,994	       3
  428	   2453,727	       3
  429	   2459,460	       4
  430	   2465,193	       3
  431	   2470,926	       4
  432	   2476,659	       5
  433	   2482,392	       5
  434	   2488,125	       6
  435	   2493,858	       3
  436	   2499,591	       1
  437	   2505,324	       6
  438	   2511,057	       4
  439	   2516,790	       3
  440	   2522,523	       4
  441	   2528,256	       1
  442	   2533,989	       4
  443	   2539,722	       7
  444	   2545,455	       7
  445	   2551,188	       3
  446	   2556,921	       4
  447	   2562,654	       2
  448	   2568,387	       4
  449	   2574,120	       5
  450	   2579,853	       5
  451	   2585,586	       4
  452	   2591,319	       1
  453	   2597,052	       3
  454	   2602,785	       3
  455	   2608,518	       2
  456	   2614,251	       2
  457	   2619,984	       3
  458	   2625,717	       1
  459	   2631,450	       1
  460	   2637,183	       2
  461	   2642,916	       2
  462	   2648,649	       4
  463	   2654,382	       4
  464	   2660,115	       3
  465	   2665,848	       5
  466	   2671,581	       2
  467	   2677,314	       3
  468	   2683,047	       7
  469	   2688,780	       3
  470	   2694,513	       5
  471	   2700,246	       3
  472	   2705,979	       4
  473	   2711,712	       3
  474	   2717,445	       9
  475	   2723,178	       2
  476	   2728,911	       8
  477	   2734,644	       4
  478	   2740,377	       3
  479	   2746,110	       6
  480	   2751,843	       5
  481	   2757,576	       2
  482	   2763,309	       6
  483	   2769,042	       4
  484	   2774,775	       8
  485	   2780,508	       6
  486	   2786,241	       4
  487	   2791,974	       5
  488	   2797,707	       7
  489	   2803,440	       1
  490	   2809,173	       5
  491	   2814,906	       4
  492	   2820,639	       8
  493	   2826,372	       2
  494	   2832,105	       3
  495	   2837,838	       8
  496	   2843,571	       6
  497	   2849,304	       6
  498	   2855,037	       8
  499	   2860,770	       6
  500	   2866,503	       8
  501	   2872,236	       6
  502	   2877,969	       2
  503	   2883,702	       3
  504	   2889,435	       0
  505	   2895,168	       5
  506	   2900,901	       3
  507	   2906,634	       4
  508	   2912,367	       6
  509	   2918,100	      10
  510	   2923,833	       5
  511	   2929,566	       4
  512	   2935,299	       5
  513	   2941,032	       3
  514	   2946,765	       5
  515	   2952,498	       5
  516	   2958,231	       6
  517	   2963,964	       8
  518	   2969,697	       9
  519	   2975,430	      10
  520	   2981,163	       5
  521	   2986,896	       9
  522	   2992,629	       5
  523	   2998,362	       7
  524	   3004,095	       2
  525	   3009,828	       5
  526	   3015,561	       1
  527	   3021,294	       3
  528	   3027,027	       4
  529	   3032,760	       5
  530	   3038,493	       7
  531	   3044,226	       5
  532	   3049,959	       5
  533	   3055,692	       7
  534	   3061,425	       4
  535	   3067,158	       5
  536	   3072,891	      12
  537	   3078,624	       1
  538	   3084,357	       9
  539	   3090,090	      11
  540	   3095,823	      12
  541	   3101,556	       7
  542	   3107,289	       5
  543	   3113,022	       5
  544	   3118,755	       4
  545	   3124,488	      12
  546	   3130,221	       5
  547	   3135,954	       2
  548	   3141,687	      11
  549	   3147,420	       8
  550	   3153,153	       6
  551	   3158,886	       9
  552	   3164,619	       6
  553	   3170,352	       7
  554	   3176,085	       9
  555	   3181,818	       4
  556	   3187,551	      12
  557	   3193,284	       5
  558	   3199,017	       7
  559	   3204,750	       6
  560	   3210,483	       8
  561	   3216,216	       9
  562	   3221,949	       9
  563	   3227,682	       7
  564	   3233,415	       6
  565	   3239,148	       4
  566	   3244,881	       5
  567	   3250,614	       8
  568	   3256,347	       9
  569	   3262,080	       6
  570	   3267,813	       4
  571	   3273,546	       5
  572	   3279,279	      11
  573	   3285,012	       7
  574	   3290,745	      13
  575	   3296,478	       8
  576	   3302,211	       7
  577	   3307,944	      10
  578	   3313,677	      12
  579	   3319,410	       8
  580	   3325,143	       3
  581	   3330,876	       9
  582	   3336,609	       8
  583	   3342,342	       5
  584	   3348,076	       9
  585	   3353,809	      10
  586	   3359,542	       3
  587	   3365,275	       8
  588	   3371,008	      14
  589	   3376,741	       5
  590	   3382,474	       8
  591	   3388,207	      14
  592	   3393,940	       5
  593	   3399,673	       8
  594	   3405,406	       6
  595	   3411,139	       8
  596	   3416,872	       6
  597	   3422,605	      15
  598	   3428,338	      12
  599	   3434,071	       8
  600	   3439,804	      17
  601	   3445,537	      10
  602	   3451,270	      14
  603	   3457,003	      13
  604	   3462,736	       6
  605	   3468,469	      11
  606	   3474,202	       8
  607	   3479,935	       8
  608	   3485,668	      10
  609	   3491,401	      11
  610	   3497,134	      12
  611	   3502,867	       9
  612	   3508,600	       6
  613	   3514,333	       7
  614	   3520,066	      10
  615	   3525,799	       8
  616	   3531,532	       8
  617	   3537,265	      13
  618	   3542,998	      10
  619	   3548,731	      10
  620	   3554,464	      12
  621	   3560,197	      14
  622	   3565,930	      19
  623	   3571,663	      17
  624	   3577,396	       5
  625	   3583,129	      10
  626	   3588,862	      12
  627	   3594,595	      14
  628	   3600,328	      13
  629	   3606,061	      12
  630	   3611,794	      10
  631	   3617,527	      11
  632	   3623,260	       5
  633	   3628,993	      11
  634	   3634,726	       9
  635	   3640,459	       8
  636	   3646,192	      12
  637	   3651,925	      16
  638	   3657,658	      11
  639	   3663,391	      13
  640	   3669,124	      14
  641	   3674,857	      11
  642	   3680,590	      16
  643	   3686,323	      10
  644	   3692,056	      12
  645	   3697,789	       8
  646	   3703,522	      10
  647	   3709,255	      10
  648	   3714,988	      11
  649	   3720,721	       9
  650	   3726,454	      10
  651	   3732,187	      11
  652	   3737,920	      16
  653	   3743,653	      15
  654	   3749,386	      16
  655	   3755,119	      19
  656	   3760,852	      16
  657	   3766,585	      20
  658	   3772,318	      11
  659	   3778,051	      14
  660	   3783,784	      16
  661	   3789,517	      17
  662	   3795,250	      14
  663	   3800,983	      18
  664	   3806,716	      19
  665	   3812,449	      16
  666	   3818,182	      20
  667	   3823,915	      11
  668	   3829,648	      18
  669	   3835,381	      22
  670	   3841,114	      15
  671	   3846,847	      19
  672	   3852,580	      16
  673	   3858,313	      13
  674	   3864,046	      21
  675	   3869,779	      26
  676	   3875,512	      24
  677	   3881,245	      12
  678	   3886,978	      13
  679	   3892,711	      23
  680	   3898,444	      21
  681	   3904,177	      12
  682	   3909,910	      17
  683	   3915,643	      19
  684	   3921,376	      20
  685	   3927,109	      22
  686	   3932,842	      16
  687	   3938,575	      23
  688	   3944,308	      20
  689	   3950,041	      19
  690	   3955,774	      16
  691	   3961,507	      16
  692	   3967,240	      20
  693	   3972,973	      22
  694	   3978,706	      24
  695	   3984,439	      18
  696	   3990,172	      29
  697	   3995,905	      25
  698	   4001,638	      26
  699	   4007,371	      14
  700	   4013,104	      26
  701	   4018,837	      23
  702	   4024,570	      24
  703	   4030,303	      22
  704	   4036,036	      29
  705	   4041,769	      23
  706	   4047,502	      16
  707	   4053,235	      23
  708	   4058,968	      20
  709	   4064,701	      26
  710	   4070,434	      20
  711	   4076,167	      33
  712	   4081,900	      28
  713	   4087,633	      35
  714	   4093,366	      20
  715	   4099,099	      20
  716	   4104,832	      27
  717	   4110,565	      24
  718	   4116,298	      35
  719	   4122,031	      33
  720	   4127,764	      31
  721	   4133,497	      23
  722	   4139,230	      25
  723	   4144,963	      31
  724	   4150,696	      31
  725	   4156,429	      33
  726	   4162,162	      33
  727	   4167,895	      21
  728	   4173,628	      28
  729	   4179,361	      38
  730	   4185,094	      33
  731	   4190,827	      43
  732	   4196,560	      28
  733	   4202,293	      23
  734	   4208,026	      22
  735	   4213,759	      35
  736	   4219,492	      38
  737	   4225,225	      35
  738	   4230,958	      22
  739	   4236,691	      22
  740	   4242,424	      35
  741	   4248,157	      34
  742	   4253,890	      37
  743	   4259,623	      44
  744	   4265,356	      29
  745	   4271,089	      43
  746	   4276,822	      33
  747	   4282,555	      43
  748	   4288,288	      38
  749	   4294,021	      41
  750	   4299,755	      27
  751	   4305,488	      37
  752	   4311,221	      41
  753	   4316,954	      46
  754	   4322,687	      39
  755	   4328,420	      40
  756	   4334,153	      42
  757	   4339,886	      42
  758	   4345,619	      44
  759	   4351,352	      40
  760	   4357,085	      49
  761	   4362,818	      34
  762	   4368,551	      45
  763	   4374,284	      38
  764	   4380,017	      55
  765	   4385,750	      43
  766	   4391,483	      56
  767	   4397,216	      50
  768	   4402,949	      51
  769	   4408,682	      53
  770	   4414,415	      64
  771	   4420,148	      62
  772	   4425,881	      49
  773	   4431,614	      42
  774	   4437,347	      57
  775	   4443,080	      49
  776	   4448,813	      62
  777	   4454,546	      48
  778	   4460,279	      47
  779	   4466,012	      51
  780	   4471,745	      58
  781	   4477,478	      50
  782	   4483,211	      49
  783	   4488,944	      53
  784	   4494,677	      48
  785	   4500,410	      65
  786	   4506,143	      52
  787	   4511,876	      69
  788	   4517,609	      61
  789	   4523,342	      72
  790	   4529,075	      62
  791	   4534,808	      63
  792	   4540,541	      77
  793	   4546,274	      76
  794	   4552,007	      55
  795	   4557,740	      52
  796	   4563,473	      66
  797	   4569,206	      62
  798	   4574,939	      68
  799	   4580,672	      72
  800	   4586,405	      84
  801	   4592,138	      70
  802	   4597,871	      77
  803	   4603,604	      76
  804	   4609,337	      78
  805	   4615,070	      81
  806	   4620,803	      83
  807	   4626,536	      94
  808	   4632,269	      78
  809	   4638,002	      87
  810	   4643,735	      85
  811	   4649,468	      90
  812	   4655,201	      75
  813	   4660,934	      86
  814	   4666,667	      82
  815	   4672,400	     103
  816	   4678,133	      92
  817	   4683,866	      87
  818	   4689,599	      82
  819	   4695,332	      92
  820	   4701,065	      86
  821	   4706,798	     106
  822	   4712,531	     101
  823	   4718,264	      83
  824	   4723,997	     102
  825	   4729,730	      88
  826	   4735,463	     102
  827	   4741,196	      97
  828	   4746,929	     103
  829	   4752,662	      93
  830	   4758,395	     101
  831	   4764,128	     103
  832	   4769,861	     121
  833	   4775,594	     112
  834	   4781,327	     136
  835	   4787,060	     126
  836	   4792,793	     113
  837	   4798,526	     124
  838	   4804,259	     118
  839	   4809,992	     130
  840	   4815,725	     121
  841	   4821,458	     143
  842	   4827,191	     129
  843	   4832,924	     153
  844	   4838,657	     137
  845	   4844,390	     154
  846	   4850,123	     144
  847	   4855,856	     136
  848	   4861,589	     149
  849	   4867,322	     162
  850	   4873,055	     158
  851	   4878,788	     151
  852	   4884,521	     157
  853	   4890,254	     192
  854	   4895,987	     163
  855	   4901,720	     166
  856	   4907,453	     143
  857	   4913,186	     155
  858	   4918,919	     167
  859	   4924,652	     180
  860	   4930,385	     183
  861	   4936,118	     189
  862	   4941,851	     195
  863	   4947,584	     200
  864	   4953,317	     191
  865	   4959,050	     198
  866	   4964,783	     230
  867	   4970,516	     206
  868	   4976,249	     191
  869	   4981,982	     203
  870	   4987,715	     238
  871	   4993,448	     253
  872	   4999,181	     248
  873	   5004,914	     238
  874	   5010,647	     251
  875	   5016,380	     212
  876	   5022,113	     272
  877	   5027,846	     248
  878	   5033,579	     257
  879	   5039,312	     291
  880	   5045,045	     290
  881	   5050,778	     271
  882	   5056,511	     263
  883	   5062,244	     309
  884	   5067,977	     322
  885	   5073,710	     335
  886	   5079,443	     303
  887	   5085,176	     287
  888	   5090,909	     321
  889	   5096,642	     296
  890	   5102,375	     317
  891	   5108,108	     332
  892	   5113,841	     325
  893	   5119,574	     347
  894	   5125,307	     331
  895	   5131,040	     347
  896	   5136,773	     362
  897	   5142,506	     391
  898	   5148,239	     396
  899	   5153,972	     390
  900	   5159,705	     420
  901	   5165,438	     425
  902	   5171,171	     422
  903	   5176,904	     473
  904	   5182,637	     438
  905	   5188,370	     448
  906	   5194,103	     439
  907	   5199,836	     460
  908	   5205,569	     468
  909	   5211,302	     542
  910	   5217,035	     480
  911	   5222,768	     481
  912	   5228,501	     519
  913	   5234,234	     513
  914	   5239,967	     507
  915	   5245,700	     534
  916	   5251,433	     579
  917	   5257,167	     575
  918	   5262,900	     573
  919	   5268,633	     541
  920	   5274,366	     620
  921	   5280,099	     567
  922	   5285,832	     582
  923	   5291,565	     524
  924	   5297,298	     493
  925	   5303,031	     499
  926	   5308,764	     503
  927	   5314,497	     451
  928	   5320,230	     456
  929	   5325,963	     470
  930	   5331,696	     413
  931	   5337,429	     439
  932	   5343,162	     347
  933	   5348,895	     338
  934	   5354,628	     299
  935	   5360,361	     259
  936	   5366,094	     249
  937	   5371,827	     220
  938	   5377,560	     183
  939	   5383,293	     169
  940	   5389,026	     151
  941	   5394,759	     134
  942	   5400,492	     104
  943	   5406,225	      80
  944	   5411,958	      73
  945	   5417,691	      64
  946	   5423,424	      53
  947	   5429,157	      29
  948	   5434,890	      25
  949	   5440,623	      23
  950	   5446,356	      16
  951	   5452,089	      14
  952	   5457,822	      12
  953	   5463,555	      16
  954	   5469,288	       3
  955	   5475,021	       8
  956	   5480,754	       4
  957	   5486,487	       2
  958	   5492,220	       1
  959	   5497,953	       5
  960	   5503,686	       3
  961	   5509,419	       1
  962	   5515,152	       1
  963	   5520,885	       3
  964	   5526,618	       1
  965	   5532,351	       1
  966	   5538,084	       0
  967	   5543,817	       1
  968	   5549,550	       3
  969	   5555,283	       2
  970	   5561,016	       0
  971	   5566,749	       1
  972	   5572,482	       1
  973	   5578,215	       1
  974	   5583,948	       2
  975	   5589,681	       1
  976	   5595,414	       0
  977	   5601,147	       1
  978	   5606,880	       2
  979	   5612,613	       2
  980	   5618,346	       1
  981	   5624,079	       2
  982	   5629,812	       0
  983	   5635,545	       1
  984	   5641,278	       4
  985	   5647,011	       1
  986	   5652,744	       0
  987	   5658,477	       0
  988	   5664,210	       1
  989	   5669,943	       0
  990	   5675,676	       1
  991	   5681,409	       1
  992	   5687,142	       1
  993	   5692,875	       1
  994	   5698,608	       1
  995	   5704,341	       1
  996	   5710,074	       0
  997	   5715,807	       0
  998	   5721,540	       0
  999	   5727,273	       0
 1000	   5733,006	       1
 1001	   5738,739	       1
 1002	   5744,472	       0
 1003	   5750,205	       0
 1004	   5755,938	       0
 1005	   5761,671	       0
 1006	   5767,404	       0
 1007	   5773,137	       0
 1008	   5778,870	       0
 1009	   5784,603	       0
 1010	   5790,336	       0
 1011	   5796,069	       2
 1012	   5801,802	       0
 1013	   5807,535	       0
 1014	   5813,268	       0
 1015	   5819,001	       0
 1016	   5824,734	       0
 1017	   5830,467	       0
 1018	   5836,200	       1
 1019	   5841,933	       0
 1020	   5847,666	       0
 1021	   5853,399	       0
 1022	   5859,132	       0
 1023	   5864,865	       0
