SpectrumNumber	Isotope	Detector	Conditions	Voltage (V)	Current (nA)	Temperature (deg)	Energy(keV)	ΔEnergy(keV)	FWHM(keV)	ΔFWHM(keV)	Amplitude	ΔAmplitude	Adj.R^2
01	Ra-226	det3	vacuum	0	0.05	24.0	3338.30	1.82	80.55	4.92	11.70	0.57	0.97821
01	Ra-226	det3	vacuum	0	0.05	24.0	3450.69	1.82	51.22	4.92	110.31	0.57	0.97821
01	Ra-226	det3	vacuum	0	0.05	24.0	3806.37	0.24	45.29	0.61	75.49	0.84	0.97149
01	Ra-226	det3	vacuum	0	0.05	24.0	3931.43	0.24	42.56	0.61	107.89	0.84	0.97149
01	Ra-226	det3	vacuum	0	0.05	24.0	4270.83	0.16	44.22	0.41	101.38	0.78	0.97402
01	Ra-226	det3	vacuum	0	0.05	24.0	5285.92	0.25	77.75	0.64	63.05	0.42	0.96846
02	Ra-226	det3	vacuum	10	0.71	24.0	4538.46	3.31	134.62	9.38	7.97	0.41	0.96632
02	Ra-226	det3	vacuum	10	0.71	24.0	4693.65	3.31	70.36	9.38	79.69	0.41	0.96632
02	Ra-226	det3	vacuum	10	0.71	24.0	5209.28	0.35	63.75	0.88	52.10	0.59	0.96145
02	Ra-226	det3	vacuum	10	0.71	24.0	5393.98	0.35	59.47	0.88	76.99	0.59	0.96145
02	Ra-226	det3	vacuum	10	0.71	24.0	5904.38	0.21	56.07	0.55	79.38	0.63	0.96605
02	Ra-226	det3	vacuum	10	0.71	24.0	7569.16	0.21	52.27	0.54	85.56	0.73	0.96399
03	Ra-226	det3	vacuum	20	1.21	24.0	4614.31	3.29	129.77	9.12	7.49	0.41	0.96441
03	Ra-226	det3	vacuum	20	1.21	24.0	4774.31	3.29	70.99	9.12	77.63	0.41	0.96441
03	Ra-226	det3	vacuum	20	1.21	24.0	5299.53	0.35	64.44	0.88	52.03	0.59	0.96247
03	Ra-226	det3	vacuum	20	1.21	24.0	5489.22	0.35	59.08	0.88	78.73	0.59	0.96247
03	Ra-226	det3	vacuum	20	1.21	24.0	6008.01	0.22	57.35	0.55	79.49	0.63	0.96654
03	Ra-226	det3	vacuum	20	1.21	24.0	7704.23	0.22	52.38	0.55	85.05	0.73	0.96276
04	Ra-226	det3	vacuum	30	1.72	24.0	4643.68	2.95	128.23	8.17	7.96	0.40	0.96762
04	Ra-226	det3	vacuum	30	1.72	24.0	4809.35	2.95	70.83	8.17	79.03	0.40	0.96762
04	Ra-226	det3	vacuum	30	1.72	24.0	5339.41	0.35	64.22	0.88	50.45	0.57	0.96033
04	Ra-226	det3	vacuum	30	1.72	24.0	5530.66	0.35	60.40	0.88	73.25	0.57	0.96033
04	Ra-226	det3	vacuum	30	1.72	24.0	6054.54	0.21	56.92	0.53	79.75	0.62	0.96794
04	Ra-226	det3	vacuum	30	1.72	24.0	7762.74	0.21	53.24	0.53	84.41	0.69	0.96638
05	Ra-226	det3	vacuum	40	2.23	24.0	4668.88	3.05	137.56	8.57	8.43	0.40	0.96572
05	Ra-226	det3	vacuum	40	2.23	24.0	4831.32	3.05	71.81	8.57	78.91	0.40	0.96572
05	Ra-226	det3	vacuum	40	2.23	24.0	5363.08	0.34	62.74	0.86	52.80	0.59	0.96053
05	Ra-226	det3	vacuum	40	2.23	24.0	5555.42	0.34	60.40	0.86	75.14	0.59	0.96053
05	Ra-226	det3	vacuum	40	2.23	24.0	6080.59	0.22	57.51	0.57	76.78	0.62	0.96436
05	Ra-226	det3	vacuum	40	2.23	24.0	7798.98	0.21	53.03	0.54	85.04	0.71	0.96504
06	Ra-226	det3	vacuum	50	2.67	24.0	4683.80	3.04	126.25	8.56	8.49	0.45	0.96169
06	Ra-226	det3	vacuum	50	2.67	24.0	4844.79	3.04	72.03	8.56	77.30	0.45	0.96169
06	Ra-226	det3	vacuum	50	2.67	24.0	5379.10	0.35	64.36	0.87	52.22	0.58	0.96034
06	Ra-226	det3	vacuum	50	2.67	24.0	5571.52	0.35	61.04	0.87	74.69	0.58	0.96034
06	Ra-226	det3	vacuum	50	2.67	24.0	6099.10	0.21	58.31	0.53	76.03	0.56	0.96969
06	Ra-226	det3	vacuum	50	2.67	24.0	7822.77	0.21	52.92	0.53	86.59	0.71	0.96608
07	Ra-226	det3	vacuum	60	4.76	24.0	4682.21	3.09	135.11	8.64	7.86	0.39	0.96660
07	Ra-226	det3	vacuum	60	4.76	24.0	4845.89	3.09	71.95	8.64	76.43	0.39	0.96660
07	Ra-226	det3	vacuum	60	4.76	24.0	5381.00	0.34	65.14	0.87	51.48	0.57	0.96260
07	Ra-226	det3	vacuum	60	4.76	24.0	5572.98	0.34	60.84	0.87	75.87	0.57	0.96260
07	Ra-226	det3	vacuum	60	4.76	24.0	6101.37	0.22	58.19	0.56	76.84	0.60	0.96625
07	Ra-226	det3	vacuum	60	4.76	24.0	7825.89	0.21	54.12	0.53	84.10	0.67	0.96692
08	Ra-226	det3	vacuum	70	5.37	24.0	4675.55	3.21	143.83	9.15	8.06	0.39	0.96504
08	Ra-226	det3	vacuum	70	5.37	24.0	4842.59	3.21	72.39	9.15	75.85	0.39	0.96504
08	Ra-226	det3	vacuum	70	5.37	24.0	5376.54	0.36	65.07	0.91	51.81	0.60	0.95683
08	Ra-226	det3	vacuum	70	5.37	24.0	5570.08	0.36	61.81	0.91	72.83	0.60	0.95683
08	Ra-226	det3	vacuum	70	5.37	24.0	6097.86	0.22	57.54	0.56	77.10	0.61	0.96574
08	Ra-226	det3	vacuum	70	5.37	24.0	7821.84	0.21	53.86	0.52	83.48	0.67	0.96704
09	Ra-226	det3	vacuum	80	5.27	24.0	4674.76	2.90	131.95	7.86	8.44	0.40	0.96212
09	Ra-226	det3	vacuum	80	5.27	24.0	4846.76	2.90	73.13	7.86	77.73	0.40	0.96212
09	Ra-226	det3	vacuum	80	5.27	24.0	5381.72	0.37	66.45	0.93	49.73	0.57	0.96000
09	Ra-226	det3	vacuum	80	5.27	24.0	5573.31	0.37	60.51	0.93	75.20	0.57	0.96000
09	Ra-226	det3	vacuum	80	5.27	24.0	6101.88	0.22	58.75	0.55	74.82	0.58	0.96681
09	Ra-226	det3	vacuum	80	5.27	24.0	7826.65	0.19	54.43	0.48	81.58	0.59	0.97236
10	Ra-226	det3	vacuum	90	5.87	24.0	4670.43	2.44	122.49	6.60	8.99	0.39	0.96771
10	Ra-226	det3	vacuum	90	5.87	24.0	4840.57	2.44	72.94	6.60	77.96	0.39	0.96771
10	Ra-226	det3	vacuum	90	5.87	24.0	5375.75	0.35	65.71	0.89	50.94	0.57	0.96015
10	Ra-226	det3	vacuum	90	5.87	24.0	5567.49	0.35	62.38	0.89	73.03	0.57	0.96015
10	Ra-226	det3	vacuum	90	5.87	24.0	6095.64	0.21	58.96	0.53	75.97	0.56	0.96985
10	Ra-226	det3	vacuum	90	5.87	24.0	7819.01	0.22	54.94	0.55	81.21	0.67	0.96429
11	Ra-226	det3	vacuum	100	5.79	24.0	4680.87	2.73	128.06	7.54	8.62	0.40	0.96531
11	Ra-226	det3	vacuum	100	5.79	24.0	4845.63	2.73	72.74	7.54	76.38	0.40	0.96531
11	Ra-226	det3	vacuum	100	5.79	24.0	5380.37	0.36	64.04	0.91	51.35	0.60	0.95880
11	Ra-226	det3	vacuum	100	5.79	24.0	5573.18	0.36	59.45	0.91	75.96	0.60	0.95880
11	Ra-226	det3	vacuum	100	5.79	24.0	6101.11	0.22	57.74	0.55	76.68	0.60	0.96671
11	Ra-226	det3	vacuum	100	5.79	24.0	7825.51	0.22	53.88	0.57	84.13	0.73	0.96177
12	Ra-226	det3	vacuum	110	6.26	24.0	4672.52	2.54	117.71	6.90	8.79	0.41	0.96677
12	Ra-226	det3	vacuum	110	6.26	24.0	4839.24	2.54	72.82	6.90	78.11	0.41	0.96677
12	Ra-226	det3	vacuum	110	6.26	24.0	5372.77	0.38	65.90	0.97	50.57	0.61	0.95394
12	Ra-226	det3	vacuum	110	6.26	24.0	5565.14	0.38	62.36	0.97	72.99	0.61	0.95394
12	Ra-226	det3	vacuum	110	6.26	24.0	6093.12	0.23	58.60	0.59	75.40	0.63	0.96190
12	Ra-226	det3	vacuum	110	6.26	24.0	7816.03	0.21	53.74	0.54	82.93	0.68	0.96524
13	Ra-226	det3	vacuum	120	6.25	24.0	4675.91	2.36	123.32	6.43	9.49	0.40	0.96717
13	Ra-226	det3	vacuum	120	6.25	24.0	4844.02	2.36	72.81	6.43	77.87	0.40	0.96717
13	Ra-226	det3	vacuum	120	6.25	24.0	5378.51	0.35	65.79	0.88	49.70	0.55	0.96378
13	Ra-226	det3	vacuum	120	6.25	24.0	5570.78	0.35	59.08	0.88	75.70	0.55	0.96378
13	Ra-226	det3	vacuum	120	6.25	24.0	6099.28	0.22	58.19	0.57	77.79	0.62	0.96512
13	Ra-226	det3	vacuum	120	6.25	24.0	7822.91	0.20	55.18	0.52	82.90	0.64	0.96876
14	Ra-226	det3	vacuum	140	6.68	24.0	4674.36	2.47	115.28	6.65	9.59	0.45	0.96127
14	Ra-226	det3	vacuum	140	6.68	24.0	4840.79	2.47	73.24	6.65	77.78	0.45	0.96127
14	Ra-226	det3	vacuum	140	6.68	24.0	5375.37	0.38	65.42	0.97	50.84	0.62	0.95389
14	Ra-226	det3	vacuum	140	6.68	24.0	5567.23	0.38	60.64	0.97	74.10	0.62	0.95389
14	Ra-226	det3	vacuum	140	6.68	24.0	6094.76	0.23	58.45	0.59	76.31	0.64	0.96189
14	Ra-226	det3	vacuum	140	6.68	24.0	7818.50	0.21	51.94	0.52	85.11	0.71	0.96575
15	Ra-226	det3	vacuum	160	7.05	24.0	4672.70	2.38	116.31	6.44	9.46	0.42	0.96621
15	Ra-226	det3	vacuum	160	7.05	24.0	4837.15	2.38	72.63	6.44	78.52	0.42	0.96621
15	Ra-226	det3	vacuum	160	7.05	24.0	5370.81	0.39	65.42	1.00	50.10	0.63	0.95330
15	Ra-226	det3	vacuum	160	7.05	24.0	5563.60	0.39	59.96	1.00	76.02	0.63	0.95330
15	Ra-226	det3	vacuum	160	7.05	24.0	6090.56	0.23	57.93	0.58	76.70	0.63	0.96294
15	Ra-226	det3	vacuum	160	7.05	24.0	7811.89	0.21	53.02	0.53	84.95	0.69	0.96651
16	Ra-226	det3	vacuum	180	7.36	24.0	4669.09	2.63	127.66	7.32	9.11	0.41	0.96627
16	Ra-226	det3	vacuum	180	7.36	24.0	4833.42	2.63	70.85	7.32	78.93	0.41	0.96627
16	Ra-226	det3	vacuum	180	7.36	24.0	5366.60	0.35	64.02	0.88	51.79	0.59	0.96065
16	Ra-226	det3	vacuum	180	7.36	24.0	5558.65	0.35	60.25	0.88	75.29	0.59	0.96065
16	Ra-226	det3	vacuum	180	7.36	24.0	6085.51	0.24	58.71	0.61	76.50	0.66	0.95963
16	Ra-226	det3	vacuum	180	7.36	24.0	7805.45	0.20	53.94	0.51	81.72	0.64	0.96865
17	Ra-226	det3	vacuum	200	7.66	24.0	4664.61	2.31	118.61	6.28	9.44	0.40	0.96904
17	Ra-226	det3	vacuum	200	7.66	24.0	4828.67	2.31	71.53	6.28	79.36	0.40	0.96904
17	Ra-226	det3	vacuum	200	7.66	24.0	5360.76	0.35	64.49	0.89	51.87	0.59	0.96015
17	Ra-226	det3	vacuum	200	7.66	24.0	5553.13	0.35	60.43	0.89	76.19	0.59	0.96015
17	Ra-226	det3	vacuum	200	7.66	24.0	6079.40	0.22	57.05	0.56	78.89	0.63	0.96576
17	Ra-226	det3	vacuum	200	7.66	24.0	7797.73	0.22	53.51	0.56	81.46	0.70	0.96249
