0	0.000	0
1	5.733	0
2	11.466	0
3	17.199	0
4	22.932	0
5	28.665	0
6	34.398	0
7	40.131	0
8	45.864	0
9	51.597	0
10	57.330	0
11	63.063	0
12	68.796	0
13	74.529	0
14	80.262	0
15	85.995	0
16	91.728	0
17	97.461	0
18	103.194	0
19	108.927	0
20	114.660	0
21	120.393	0
22	126.126	0
23	131.859	0
24	137.592	0
25	143.325	0
26	149.058	0
27	154.791	0
28	160.524	0
29	166.257	0
30	171.990	0
31	177.723	0
32	183.456	0
33	189.189	0
34	194.922	0
35	200.655	0
36	206.388	0
37	212.121	0
38	217.854	0
39	223.587	0
40	229.320	0
41	235.053	0
42	240.786	0
43	246.519	0
44	252.252	0
45	257.985	0
46	263.718	0
47	269.451	0
48	275.184	0
49	280.917	0
50	286.650	0
51	292.383	0
52	298.116	0
53	303.849	0
54	309.582	0
55	315.315	0
56	321.048	0
57	326.781	0
58	332.514	0
59	338.247	0
60	343.980	0
61	349.713	0
62	355.446	0
63	361.179	0
64	366.912	0
65	372.645	3
66	378.378	0
67	384.111	1
68	389.844	2
69	395.577	0
70	401.310	1
71	407.043	1
72	412.776	2
73	418.509	0
74	424.242	0
75	429.975	1
76	435.708	0
77	441.441	1
78	447.174	2
79	452.907	1
80	458.640	2
81	464.373	0
82	470.106	0
83	475.839	0
84	481.573	0
85	487.306	1
86	493.039	1
87	498.772	2
88	504.505	0
89	510.238	3
90	515.971	0
91	521.704	2
92	527.437	1
93	533.170	0
94	538.903	0
95	544.636	1
96	550.369	2
97	556.102	1
98	561.835	1
99	567.568	0
100	573.301	0
101	579.034	1
102	584.767	0
103	590.500	0
104	596.233	0
105	601.966	2
106	607.699	1
107	613.432	0
108	619.165	1
109	624.898	0
110	630.631	0
111	636.364	0
112	642.097	2
113	647.830	1
114	653.563	1
115	659.296	2
116	665.029	1
117	670.762	0
118	676.495	0
119	682.228	0
120	687.961	1
121	693.694	2
122	699.427	1
123	705.160	2
124	710.893	0
125	716.626	1
126	722.359	1
127	728.092	0
128	733.825	1
129	739.558	0
130	745.291	0
131	751.024	0
132	756.757	0
133	762.490	1
134	768.223	2
135	773.956	4
136	779.689	0
137	785.422	0
138	791.155	0
139	796.888	0
140	802.621	0
141	808.354	0
142	814.087	0
143	819.820	0
144	825.553	0
145	831.286	1
146	837.019	0
147	842.752	2
148	848.485	0
149	854.218	1
150	859.951	0
151	865.684	0
152	871.417	2
153	877.150	1
154	882.883	0
155	888.616	1
156	894.349	1
157	900.082	1
158	905.815	2
159	911.548	1
160	917.281	0
161	923.014	1
162	928.747	0
163	934.480	2
164	940.213	1
165	945.946	1
166	951.679	0
167	957.412	0
168	963.145	2
169	968.878	0
170	974.611	3
171	980.344	0
172	986.077	0
173	991.810	0
174	997.543	0
175	1003.276	0
176	1009.009	1
177	1014.742	0
178	1020.475	0
179	1026.208	1
180	1031.941	0
181	1037.674	0
182	1043.407	1
183	1049.140	1
184	1054.873	1
185	1060.606	0
186	1066.339	0
187	1072.072	2
188	1077.805	0
189	1083.538	0
190	1089.271	1
191	1095.004	2
192	1100.737	1
193	1106.470	1
194	1112.203	1
195	1117.936	1
196	1123.669	0
197	1129.402	0
198	1135.135	0
199	1140.868	0
200	1146.601	0
201	1152.334	0
202	1158.067	0
203	1163.800	1
204	1169.533	1
205	1175.266	1
206	1180.999	1
207	1186.732	0
208	1192.465	2
209	1198.198	1
210	1203.931	0
211	1209.664	0
212	1215.397	0
213	1221.130	1
214	1226.863	0
215	1232.596	0
216	1238.329	0
217	1244.062	0
218	1249.795	0
219	1255.528	1
220	1261.261	0
221	1266.994	0
222	1272.727	0
223	1278.460	0
224	1284.193	0
225	1289.926	0
226	1295.659	1
227	1301.392	0
228	1307.125	0
229	1312.858	1
230	1318.591	0
231	1324.324	1
232	1330.057	0
233	1335.790	0
234	1341.523	0
235	1347.256	0
236	1352.989	2
237	1358.722	0
238	1364.455	0
239	1370.188	1
240	1375.921	0
241	1381.654	0
242	1387.387	1
243	1393.120	1
244	1398.853	1
245	1404.586	1
246	1410.319	1
247	1416.052	1
248	1421.785	1
249	1427.518	2
250	1433.252	2
251	1438.985	0
252	1444.718	1
253	1450.451	0
254	1456.184	0
255	1461.917	0
256	1467.650	0
257	1473.383	0
258	1479.116	0
259	1484.849	0
260	1490.582	0
261	1496.315	1
262	1502.048	0
263	1507.781	0
264	1513.514	0
265	1519.247	1
266	1524.980	1
267	1530.713	0
268	1536.446	0
269	1542.179	0
270	1547.912	1
271	1553.645	0
272	1559.378	1
273	1565.111	0
274	1570.844	0
275	1576.577	2
276	1582.310	0
277	1588.043	2
278	1593.776	0
279	1599.509	0
280	1605.242	2
281	1610.975	0
282	1616.708	1
283	1622.441	1
284	1628.174	1
285	1633.907	1
286	1639.640	0
287	1645.373	1
288	1651.106	0
289	1656.839	0
290	1662.572	1
291	1668.305	0
292	1674.038	1
293	1679.771	0
294	1685.504	1
295	1691.237	0
296	1696.970	1
297	1702.703	1
298	1708.436	1
299	1714.169	1
300	1719.902	1
301	1725.635	1
302	1731.368	0
303	1737.101	2
304	1742.834	2
305	1748.567	1
306	1754.300	0
307	1760.033	0
308	1765.766	0
309	1771.499	0
310	1777.232	0
311	1782.965	0
312	1788.698	1
313	1794.431	2
314	1800.164	1
315	1805.897	0
316	1811.630	0
317	1817.363	0
318	1823.096	0
319	1828.829	2
320	1834.562	0
321	1840.295	0
322	1846.028	1
323	1851.761	0
324	1857.494	0
325	1863.227	0
326	1868.960	1
327	1874.693	1
328	1880.426	0
329	1886.159	0
330	1891.892	0
331	1897.625	0
332	1903.358	0
333	1909.091	0
334	1914.824	0
335	1920.557	0
336	1926.290	1
337	1932.023	0
338	1937.756	0
339	1943.489	0
340	1949.222	0
341	1954.955	0
342	1960.688	1
343	1966.421	0
344	1972.154	3
345	1977.887	1
346	1983.620	0
347	1989.353	0
348	1995.086	1
349	2000.819	0
350	2006.552	2
351	2012.285	1
352	2018.018	0
353	2023.751	1
354	2029.484	0
355	2035.217	0
356	2040.950	3
357	2046.683	0
358	2052.416	0
359	2058.149	1
360	2063.882	0
361	2069.615	1
362	2075.348	0
363	2081.081	0
364	2086.814	0
365	2092.547	4
366	2098.280	0
367	2104.013	1
368	2109.746	1
369	2115.479	1
370	2121.212	0
371	2126.945	0
372	2132.678	1
373	2138.411	0
374	2144.144	0
375	2149.877	1
376	2155.610	1
377	2161.343	1
378	2167.076	0
379	2172.809	2
380	2178.542	3
381	2184.275	0
382	2190.008	0
383	2195.741	0
384	2201.474	0
385	2207.207	1
386	2212.940	0
387	2218.673	0
388	2224.406	0
389	2230.139	1
390	2235.872	1
391	2241.605	0
392	2247.338	0
393	2253.071	0
394	2258.804	0
395	2264.537	0
396	2270.270	0
397	2276.003	1
398	2281.736	1
399	2287.469	1
400	2293.202	1
401	2298.935	0
402	2304.668	2
403	2310.401	0
404	2316.134	3
405	2321.867	1
406	2327.600	1
407	2333.333	1
408	2339.066	2
409	2344.799	0
410	2350.532	1
411	2356.265	1
412	2361.998	0
413	2367.731	0
414	2373.464	0
415	2379.197	0
416	2384.930	1
417	2390.664	0
418	2396.397	0
419	2402.130	1
420	2407.863	0
421	2413.596	1
422	2419.329	0
423	2425.062	1
424	2430.795	3
425	2436.528	0
426	2442.261	0
427	2447.994	0
428	2453.727	0
429	2459.460	0
430	2465.193	0
431	2470.926	0
432	2476.659	1
433	2482.392	0
434	2488.125	0
435	2493.858	1
436	2499.591	0
437	2505.324	1
438	2511.057	2
439	2516.790	1
440	2522.523	0
441	2528.256	0
442	2533.989	0
443	2539.722	0
444	2545.455	0
445	2551.188	0
446	2556.921	1
447	2562.654	1
448	2568.387	0
449	2574.120	1
450	2579.853	1
451	2585.586	0
452	2591.319	0
453	2597.052	0
454	2602.785	0
455	2608.518	1
456	2614.251	0
457	2619.984	1
458	2625.717	2
459	2631.450	0
460	2637.183	0
461	2642.916	1
462	2648.649	0
463	2654.382	3
464	2660.115	0
465	2665.848	0
466	2671.581	0
467	2677.314	0
468	2683.047	0
469	2688.780	0
470	2694.513	2
471	2700.246	1
472	2705.979	1
473	2711.712	2
474	2717.445	1
475	2723.178	1
476	2728.911	1
477	2734.644	0
478	2740.377	1
479	2746.110	0
480	2751.843	0
481	2757.576	0
482	2763.309	1
483	2769.042	1
484	2774.775	0
485	2780.508	0
486	2786.241	1
487	2791.974	1
488	2797.707	0
489	2803.440	0
490	2809.173	0
491	2814.906	0
492	2820.639	0
493	2826.372	0
494	2832.105	0
495	2837.838	0
496	2843.571	0
497	2849.304	0
498	2855.037	1
499	2860.770	1
500	2866.503	1
501	2872.236	1
502	2877.969	0
503	2883.702	2
504	2889.435	0
505	2895.168	0
506	2900.901	0
507	2906.634	0
508	2912.367	0
509	2918.100	1
510	2923.833	0
511	2929.566	1
512	2935.299	1
513	2941.032	1
514	2946.765	1
515	2952.498	0
516	2958.231	0
517	2963.964	0
518	2969.697	0
519	2975.430	1
520	2981.163	0
521	2986.896	1
522	2992.629	0
523	2998.362	0
524	3004.095	0
525	3009.828	1
526	3015.561	1
527	3021.294	0
528	3027.027	0
529	3032.760	0
530	3038.493	1
531	3044.226	0
532	3049.959	0
533	3055.692	1
534	3061.425	0
535	3067.158	0
536	3072.891	0
537	3078.624	1
538	3084.357	1
539	3090.090	0
540	3095.823	1
541	3101.556	0
542	3107.289	1
543	3113.022	2
544	3118.755	0
545	3124.488	0
546	3130.221	0
547	3135.954	0
548	3141.687	0
549	3147.420	1
550	3153.153	1
551	3158.886	0
552	3164.619	0
553	3170.352	2
554	3176.085	1
555	3181.818	0
556	3187.551	1
557	3193.284	0
558	3199.017	2
559	3204.750	0
560	3210.483	0
561	3216.216	0
562	3221.949	0
563	3227.682	2
564	3233.415	0
565	3239.148	0
566	3244.881	0
567	3250.614	0
568	3256.347	1
569	3262.080	1
570	3267.813	1
571	3273.546	1
572	3279.279	1
573	3285.012	0
574	3290.745	0
575	3296.478	2
576	3302.211	0
577	3307.944	1
578	3313.677	1
579	3319.410	0
580	3325.143	1
581	3330.876	1
582	3336.609	0
583	3342.342	0
584	3348.076	1
585	3353.809	1
586	3359.542	0
587	3365.275	0
588	3371.008	0
589	3376.741	0
590	3382.474	0
591	3388.207	0
592	3393.940	1
593	3399.673	0
594	3405.406	0
595	3411.139	0
596	3416.872	0
597	3422.605	1
598	3428.338	1
599	3434.071	0
600	3439.804	2
601	3445.537	1
602	3451.270	0
603	3457.003	0
604	3462.736	0
605	3468.469	1
606	3474.202	0
607	3479.935	0
608	3485.668	0
609	3491.401	0
610	3497.134	0
611	3502.867	1
612	3508.600	1
613	3514.333	0
614	3520.066	0
615	3525.799	0
616	3531.532	0
617	3537.265	2
618	3542.998	1
619	3548.731	0
620	3554.464	0
621	3560.197	0
622	3565.930	0
623	3571.663	0
624	3577.396	0
625	3583.129	0
626	3588.862	1
627	3594.595	2
628	3600.328	0
629	3606.061	1
630	3611.794	0
631	3617.527	0
632	3623.260	0
633	3628.993	0
634	3634.726	0
635	3640.459	0
636	3646.192	1
637	3651.925	0
638	3657.658	0
639	3663.391	0
640	3669.124	0
641	3674.857	0
642	3680.590	3
643	3686.323	0
644	3692.056	1
645	3697.789	0
646	3703.522	0
647	3709.255	2
648	3714.988	1
649	3720.721	0
650	3726.454	1
651	3732.187	1
652	3737.920	0
653	3743.653	1
654	3749.386	0
655	3755.119	0
656	3760.852	2
657	3766.585	2
658	3772.318	0
659	3778.051	1
660	3783.784	0
661	3789.517	1
662	3795.250	1
663	3800.983	1
664	3806.716	0
665	3812.449	0
666	3818.182	1
667	3823.915	2
668	3829.648	1
669	3835.381	2
670	3841.114	1
671	3846.847	1
672	3852.580	0
673	3858.313	0
674	3864.046	0
675	3869.779	0
676	3875.512	1
677	3881.245	1
678	3886.978	0
679	3892.711	1
680	3898.444	0
681	3904.177	1
682	3909.910	1
683	3915.643	0
684	3921.376	1
685	3927.109	1
686	3932.842	0
687	3938.575	0
688	3944.308	0
689	3950.041	1
690	3955.774	0
691	3961.507	1
692	3967.240	0
693	3972.973	1
694	3978.706	0
695	3984.439	2
696	3990.172	0
697	3995.905	0
698	4001.638	1
699	4007.371	0
700	4013.104	2
701	4018.837	0
702	4024.570	1
703	4030.303	2
704	4036.036	0
705	4041.769	2
706	4047.502	2
707	4053.235	0
708	4058.968	2
709	4064.701	2
710	4070.434	1
711	4076.167	0
712	4081.900	1
713	4087.633	1
714	4093.366	0
715	4099.099	1
716	4104.832	1
717	4110.565	1
718	4116.298	1
719	4122.031	2
720	4127.764	2
721	4133.497	4
722	4139.230	0
723	4144.963	0
724	4150.696	0
725	4156.429	0
726	4162.162	0
727	4167.895	1
728	4173.628	0
729	4179.361	1
730	4185.094	1
731	4190.827	0
732	4196.560	0
733	4202.293	0
734	4208.026	0
735	4213.759	0
736	4219.492	1
737	4225.225	0
738	4230.958	0
739	4236.691	0
740	4242.424	0
741	4248.157	0
742	4253.890	0
743	4259.623	1
744	4265.356	0
745	4271.089	1
746	4276.822	1
747	4282.555	3
748	4288.288	0
749	4294.021	1
750	4299.755	0
751	4305.488	1
752	4311.221	0
753	4316.954	1
754	4322.687	1
755	4328.420	1
756	4334.153	2
757	4339.886	1
758	4345.619	2
759	4351.352	4
760	4357.085	1
761	4362.818	1
762	4368.551	0
763	4374.284	0
764	4380.017	1
765	4385.750	0
766	4391.483	0
767	4397.216	0
768	4402.949	1
769	4408.682	2
770	4414.415	1
771	4420.148	1
772	4425.881	1
773	4431.614	0
774	4437.347	0
775	4443.080	0
776	4448.813	2
777	4454.546	1
778	4460.279	0
779	4466.012	0
780	4471.745	2
781	4477.478	1
782	4483.211	4
783	4488.944	0
784	4494.677	2
785	4500.410	0
786	4506.143	0
787	4511.876	0
788	4517.609	1
789	4523.342	1
790	4529.075	3
791	4534.808	1
792	4540.541	2
793	4546.274	1
794	4552.007	1
795	4557.740	0
796	4563.473	2
797	4569.206	2
798	4574.939	0
799	4580.672	1
800	4586.405	2
801	4592.138	2
802	4597.871	2
803	4603.604	0
804	4609.337	3
805	4615.070	0
806	4620.803	2
807	4626.536	1
808	4632.269	1
809	4638.002	3
810	4643.735	2
811	4649.468	1
812	4655.201	0
813	4660.934	2
814	4666.667	1
815	4672.400	0
816	4678.133	2
817	4683.866	1
818	4689.599	1
819	4695.332	2
820	4701.065	0
821	4706.798	0
822	4712.531	1
823	4718.264	0
824	4723.997	4
825	4729.730	0
826	4735.463	2
827	4741.196	2
828	4746.929	3
829	4752.662	1
830	4758.395	1
831	4764.128	3
832	4769.861	1
833	4775.594	2
834	4781.327	3
835	4787.060	1
836	4792.793	4
837	4798.526	0
838	4804.259	2
839	4809.992	1
840	4815.725	4
841	4821.458	0
842	4827.191	3
843	4832.924	2
844	4838.657	1
845	4844.390	1
846	4850.123	3
847	4855.856	1
848	4861.589	4
849	4867.322	1
850	4873.055	1
851	4878.788	2
852	4884.521	1
853	4890.254	2
854	4895.987	1
855	4901.720	2
856	4907.453	2
857	4913.186	1
858	4918.919	4
859	4924.652	2
860	4930.385	0
861	4936.118	2
862	4941.851	4
863	4947.584	5
864	4953.317	1
865	4959.050	2
866	4964.783	2
867	4970.516	3
868	4976.249	2
869	4981.982	6
870	4987.715	2
871	4993.448	4
872	4999.181	3
873	5004.914	4
874	5010.647	9
875	5016.380	6
876	5022.113	12
877	5027.846	5
878	5033.579	7
879	5039.312	8
880	5045.045	7
881	5050.778	6
882	5056.511	7
883	5062.244	9
884	5067.977	12
885	5073.710	4
886	5079.443	2
887	5085.176	1
888	5090.909	9
889	5096.642	3
890	5102.375	8
891	5108.108	6
892	5113.841	4
893	5119.574	9
894	5125.307	5
895	5131.040	6
896	5136.773	6
897	5142.506	4
898	5148.239	7
899	5153.972	7
900	5159.705	12
901	5165.438	13
902	5171.171	10
903	5176.904	12
904	5182.637	10
905	5188.370	13
906	5194.103	10
907	5199.836	15
908	5205.569	21
909	5211.302	25
910	5217.035	25
911	5222.768	23
912	5228.501	31
913	5234.234	32
914	5239.967	39
915	5245.700	42
916	5251.433	57
917	5257.167	68
918	5262.900	62
919	5268.633	61
920	5274.366	98
921	5280.099	143
922	5285.832	202
923	5291.565	310
924	5297.298	442
925	5303.031	612
926	5308.764	912
927	5314.497	1188
928	5320.230	1288
929	5325.963	1338
930	5331.696	1310
931	5337.429	1289
932	5343.162	1454
933	5348.895	1832
934	5354.628	2249
935	5360.361	2706
936	5366.094	2681
937	5371.827	2317
938	5377.560	1702
939	5383.293	1024
940	5389.026	491
941	5394.759	157
942	5400.492	69
943	5406.225	19
944	5411.958	6
945	5417.691	0
946	5423.424	0
947	5429.157	0
948	5434.890	0
949	5440.623	0
950	5446.356	0
951	5452.089	0
952	5457.822	0
953	5463.555	0
954	5469.288	0
955	5475.021	0
956	5480.754	0
957	5486.487	0
958	5492.220	0
959	5497.953	0
960	5503.686	0
961	5509.419	0
962	5515.152	0
963	5520.885	0
964	5526.618	0
965	5532.351	0
966	5538.084	0
967	5543.817	0
968	5549.550	0
969	5555.283	0
970	5561.016	0
971	5566.749	0
972	5572.482	0
973	5578.215	0
974	5583.948	0
975	5589.681	1
976	5595.414	0
977	5601.147	0
978	5606.880	0
979	5612.613	0
980	5618.346	0
981	5624.079	0
982	5629.812	0
983	5635.545	0
984	5641.278	0
985	5647.011	0
986	5652.744	0
987	5658.477	0
988	5664.210	0
989	5669.943	0
990	5675.676	0
991	5681.409	0
992	5687.142	0
993	5692.875	0
994	5698.608	0
995	5704.341	0
996	5710.074	0
997	5715.807	0
998	5721.540	0
999	5727.273	0
1000	5733.006	0
1001	5738.739	0
1002	5744.472	0
1003	5750.205	0
1004	5755.938	0
1005	5761.671	0
1006	5767.404	0
1007	5773.137	0
1008	5778.870	0
1009	5784.603	0
1010	5790.336	0
1011	5796.069	0
1012	5801.802	0
1013	5807.535	0
1014	5813.268	0
1015	5819.001	0
1016	5824.734	0
1017	5830.467	0
1018	5836.200	0
1019	5841.933	0
1020	5847.666	0
1021	5853.399	0
1022	5859.132	0
1023	5864.865	0
