SpectrumNumber	Isotope	Detector	Conditions	Voltage (V)	Current (nA)	Temperature (deg)	Energy(keV)	ΔEnergy(keV)	FWHM(keV)	ΔFWHM(keV)	Amplitude	ΔAmplitude	Adj.R^2
201	Ra-226	det2+135.7ohm	vacuum	50	38.5	24.6	4836.96	0.22	82.16	0.54	97.70	0.53	0.97190
201	Ra-226	det2+135.7ohm	vacuum	50	38.5	24.6	5365.37	0.33	81.38	0.83	62.69	0.53	0.97096
201	Ra-226	det2+135.7ohm	vacuum	50	38.5	24.6	5554.26	0.33	75.15	0.83	94.84	0.53	0.97096
201	Ra-226	det2+135.7ohm	vacuum	50	38.5	24.6	6076.01	0.19	76.63	0.47	93.64	0.48	0.97672
201	Ra-226	det2+135.7ohm	vacuum	50	38.5	24.6	7781.73	0.18	75.57	0.44	97.41	0.47	0.97891
202	Ra-226	det2+135.7ohm	vacuum	60	43.7	24.6	4868.87	0.22	86.67	0.55	92.17	0.49	0.97258
202	Ra-226	det2+135.7ohm	vacuum	60	43.7	24.6	5399.62	0.31	85.50	0.79	60.56	0.47	0.97307
202	Ra-226	det2+135.7ohm	vacuum	60	43.7	24.6	5590.67	0.31	82.68	0.79	86.21	0.47	0.97307
202	Ra-226	det2+135.7ohm	vacuum	60	43.7	24.6	6115.74	0.19	80.88	0.49	88.26	0.44	0.97711
202	Ra-226	det2+135.7ohm	vacuum	60	43.7	24.6	7832.93	0.20	81.35	0.50	89.95	0.46	0.97591
203	Ra-226	det2+135.7ohm	vacuum	70	48.8	24.6	4867.53	0.22	89.78	0.56	89.32	0.46	0.97306
203	Ra-226	det2+135.7ohm	vacuum	70	48.8	24.6	5400.54	0.35	88.56	0.87	57.92	0.48	0.96920
203	Ra-226	det2+135.7ohm	vacuum	70	48.8	24.6	5591.27	0.35	87.67	0.87	81.76	0.48	0.96920
203	Ra-226	det2+135.7ohm	vacuum	70	48.8	24.6	6115.79	0.20	86.53	0.51	82.98	0.40	0.97741
203	Ra-226	det2+135.7ohm	vacuum	70	48.8	24.6	7833.66	0.20	85.36	0.50	86.74	0.43	0.97691
204	Ra-226	det2+135.7ohm	vacuum	80	53.7	24.6	4864.72	0.23	93.00	0.59	85.21	0.45	0.97140
204	Ra-226	det2+135.7ohm	vacuum	80	53.7	24.6	5396.72	0.37	95.76	0.94	54.93	0.45	0.96952
204	Ra-226	det2+135.7ohm	vacuum	80	53.7	24.6	5586.34	0.37	88.84	0.94	81.78	0.45	0.96952
204	Ra-226	det2+135.7ohm	vacuum	80	53.7	24.6	6110.93	0.22	90.08	0.56	80.57	0.41	0.97389
204	Ra-226	det2+135.7ohm	vacuum	80	53.7	24.6	7828.33	0.23	88.88	0.57	82.71	0.44	0.97180
205	Ra-226	det2+135.7ohm	vacuum	90	58.7	24.6	4860.88	0.26	96.91	0.67	82.65	0.47	0.96570
205	Ra-226	det2+135.7ohm	vacuum	90	58.7	24.6	5393.42	0.42	99.99	1.05	52.23	0.46	0.96414
205	Ra-226	det2+135.7ohm	vacuum	90	58.7	24.6	5582.83	0.42	95.62	1.05	75.88	0.46	0.96414
205	Ra-226	det2+135.7ohm	vacuum	90	58.7	24.6	6107.01	0.23	94.73	0.58	75.76	0.38	0.97347
205	Ra-226	det2+135.7ohm	vacuum	90	58.7	24.6	7822.28	0.22	93.29	0.56	79.16	0.39	0.97518
206	Ra-226	det2+135.7ohm	vacuum	100	63.7	24.6	4855.39	0.27	101.73	0.69	79.49	0.44	0.96571
206	Ra-226	det2+135.7ohm	vacuum	100	63.7	24.6	5386.98	0.43	102.73	1.08	51.29	0.45	0.96364
206	Ra-226	det2+135.7ohm	vacuum	100	63.7	24.6	5577.50	0.43	98.14	1.08	74.19	0.45	0.96364
206	Ra-226	det2+135.7ohm	vacuum	100	63.7	24.6	6100.78	0.24	98.25	0.60	73.54	0.37	0.97340
206	Ra-226	det2+135.7ohm	vacuum	100	63.7	24.6	7815.58	0.23	98.29	0.58	75.57	0.37	0.97507
207	Ra-226	det2+135.7ohm	vacuum	120	74.2	24.6	4845.62	0.28	111.27	0.72	73.59	0.39	0.96645
207	Ra-226	det2+135.7ohm	vacuum	120	74.2	24.6	5377.65	0.49	113.26	1.26	47.46	0.43	0.95976
207	Ra-226	det2+135.7ohm	vacuum	120	74.2	24.6	5568.03	0.49	105.34	1.26	69.14	0.43	0.95976
207	Ra-226	det2+135.7ohm	vacuum	120	74.2	24.6	6089.58	0.27	107.25	0.67	67.72	0.35	0.96978
207	Ra-226	det2+135.7ohm	vacuum	120	74.2	24.6	7800.61	0.25	108.32	0.64	69.74	0.34	0.97312
208	Ra-226	det2+135.7ohm	vacuum	140	85.0	24.6	4835.32	0.31	119.84	0.77	68.60	0.36	0.96457
208	Ra-226	det2+135.7ohm	vacuum	140	85.0	24.6	5364.67	0.54	118.74	1.41	44.13	0.41	0.95755
208	Ra-226	det2+135.7ohm	vacuum	140	85.0	24.6	5554.63	0.54	113.59	1.41	64.15	0.41	0.95755
208	Ra-226	det2+135.7ohm	vacuum	140	85.0	24.6	6075.10	0.28	113.58	0.70	64.99	0.33	0.96935
208	Ra-226	det2+135.7ohm	vacuum	140	85.0	24.6	7784.17	0.26	113.71	0.67	66.38	0.32	0.97329
209	Ra-226	det2+135.7ohm	vacuum	160	96.1	24.6	4822.60	0.33	125.42	0.85	65.46	0.36	0.95996
209	Ra-226	det2+135.7ohm	vacuum	160	96.1	24.6	5350.19	0.63	125.44	1.62	41.93	0.40	0.95326
209	Ra-226	det2+135.7ohm	vacuum	160	96.1	24.6	5540.33	0.63	122.00	1.62	59.98	0.40	0.95326
209	Ra-226	det2+135.7ohm	vacuum	160	96.1	24.6	6060.71	0.31	121.97	0.79	59.80	0.32	0.96468
209	Ra-226	det2+135.7ohm	vacuum	160	96.1	24.6	7764.68	0.32	120.59	0.82	61.62	0.34	0.96464
210	Ra-226	det2+135.7ohm	vacuum	180	107.8	24.6	4808.25	0.37	131.58	0.93	61.26	0.36	0.95411
210	Ra-226	det2+135.7ohm	vacuum	180	107.8	24.6	5338.04	1.85	122.08	4.68	36.22	1.00	0.70276
210	Ra-226	det2+135.7ohm	vacuum	180	107.8	24.6	5522.41	1.85	122.25	4.68	54.08	1.00	0.70276
210	Ra-226	det2+135.7ohm	vacuum	180	107.8	24.6	6045.31	1.85	116.87	4.68	53.07	1.00	0.70276
210	Ra-226	det2+135.7ohm	vacuum	180	107.8	24.6	7742.82	0.32	129.84	0.84	58.27	0.31	0.96680
211	Ra-226	det2+135.7ohm	vacuum	200	118.1	24.6	4792.51	0.54	138.01	1.37	57.11	0.47	0.90923
211	Ra-226	det2+135.7ohm	vacuum	200	118.1	24.6	5322.73	2.31	129.72	5.84	34.07	1.05	0.64069
211	Ra-226	det2+135.7ohm	vacuum	200	118.1	24.6	5505.98	2.31	122.45	5.84	50.62	1.05	0.64069
211	Ra-226	det2+135.7ohm	vacuum	200	118.1	24.6	6024.50	2.31	121.95	5.84	49.20	1.05	0.64069
211	Ra-226	det2+135.7ohm	vacuum	200	118.1	24.6	7718.76	0.36	137.30	0.94	54.79	0.30	0.96271
