    0	    204,845	       0
    1	    209,790	       0
    2	    214,735	       0
    3	    219,679	       0
    4	    224,624	       0
    5	    229,569	       0
    6	    234,513	       0
    7	    239,458	       0
    8	    244,403	       0
    9	    249,348	       0
   10	    254,292	       0
   11	    259,237	       0
   12	    264,182	       0
   13	    269,126	       0
   14	    274,071	       0
   15	    279,016	       0
   16	    283,960	       0
   17	    288,905	       0
   18	    293,850	       0
   19	    298,794	       0
   20	    303,739	       0
   21	    308,684	       0
   22	    313,628	       0
   23	    318,573	       0
   24	    323,518	       0
   25	    328,462	       0
   26	    333,407	       0
   27	    338,352	       0
   28	    343,296	       0
   29	    348,241	       0
   30	    353,186	       0
   31	    358,130	       0
   32	    363,075	       0
   33	    368,020	       0
   34	    372,965	       0
   35	    377,909	       0
   36	    382,854	       0
   37	    387,799	       0
   38	    392,743	       0
   39	    397,688	       0
   40	    402,633	       0
   41	    407,577	       0
   42	    412,522	       0
   43	    417,467	       0
   44	    422,411	       0
   45	    427,356	       0
   46	    432,301	       0
   47	    437,245	       0
   48	    442,190	       0
   49	    447,135	       0
   50	    452,079	       0
   51	    457,024	       0
   52	    461,969	       0
   53	    466,913	       0
   54	    471,858	       0
   55	    476,803	       0
   56	    481,747	       0
   57	    486,692	       0
   58	    491,637	       0
   59	    496,582	       0
   60	    501,526	       0
   61	    506,471	       0
   62	    511,416	       0
   63	    516,360	       0
   64	    521,305	       0
   65	    526,250	       0
   66	    531,194	       0
   67	    536,139	       0
   68	    541,084	       0
   69	    546,028	       0
   70	    550,973	       0
   71	    555,918	       0
   72	    560,862	       0
   73	    565,807	       0
   74	    570,752	       0
   75	    575,696	       0
   76	    580,641	       0
   77	    585,586	       0
   78	    590,530	       0
   79	    595,475	       0
   80	    600,420	       0
   81	    605,364	       0
   82	    610,309	       0
   83	    615,254	       0
   84	    620,199	       0
   85	    625,143	       0
   86	    630,088	       0
   87	    635,033	       0
   88	    639,977	       0
   89	    644,922	      40
   90	    649,867	     105
   91	    654,811	      97
   92	    659,756	     100
   93	    664,701	     101
   94	    669,645	      92
   95	    674,590	      78
   96	    679,535	      82
   97	    684,479	      65
   98	    689,424	      63
   99	    694,369	      52
  100	    699,313	      52
  101	    704,258	      62
  102	    709,203	      63
  103	    714,147	      49
  104	    719,092	      61
  105	    724,037	      64
  106	    728,981	      55
  107	    733,926	      41
  108	    738,871	      60
  109	    743,816	      24
  110	    748,760	      26
  111	    753,705	      32
  112	    758,650	      37
  113	    763,594	      35
  114	    768,539	      30
  115	    773,484	      36
  116	    778,428	      22
  117	    783,373	      23
  118	    788,318	      28
  119	    793,262	      25
  120	    798,207	      19
  121	    803,152	      15
  122	    808,096	      25
  123	    813,041	       9
  124	    817,986	      21
  125	    822,930	      18
  126	    827,875	      24
  127	    832,820	      21
  128	    837,764	      19
  129	    842,709	      16
  130	    847,654	      12
  131	    852,598	       5
  132	    857,543	      13
  133	    862,488	      10
  134	    867,432	      11
  135	    872,377	      15
  136	    877,322	       7
  137	    882,267	       9
  138	    887,211	       3
  139	    892,156	       8
  140	    897,101	       9
  141	    902,045	       3
  142	    906,990	       7
  143	    911,935	       6
  144	    916,879	      14
  145	    921,824	       8
  146	    926,769	       7
  147	    931,713	       9
  148	    936,658	       6
  149	    941,603	       4
  150	    946,547	       5
  151	    951,492	       1
  152	    956,437	       4
  153	    961,381	       3
  154	    966,326	       9
  155	    971,271	       2
  156	    976,215	       2
  157	    981,160	       5
  158	    986,105	       3
  159	    991,049	       1
  160	    995,994	       4
  161	   1000,939	       5
  162	   1005,884	       2
  163	   1010,828	       4
  164	   1015,773	       1
  165	   1020,718	       1
  166	   1025,662	       0
  167	   1030,607	       2
  168	   1035,552	       3
  169	   1040,496	       2
  170	   1045,441	       1
  171	   1050,386	       3
  172	   1055,330	       2
  173	   1060,275	       3
  174	   1065,220	       0
  175	   1070,164	       2
  176	   1075,109	       1
  177	   1080,054	       4
  178	   1084,998	       2
  179	   1089,943	       2
  180	   1094,888	       2
  181	   1099,832	       0
  182	   1104,777	       1
  183	   1109,722	       0
  184	   1114,666	       1
  185	   1119,611	       1
  186	   1124,556	       1
  187	   1129,501	       0
  188	   1134,445	       0
  189	   1139,390	       0
  190	   1144,335	       0
  191	   1149,279	       0
  192	   1154,224	       0
  193	   1159,169	       0
  194	   1164,113	       1
  195	   1169,058	       0
  196	   1174,003	       0
  197	   1178,947	       1
  198	   1183,892	       0
  199	   1188,837	       0
  200	   1193,781	       0
  201	   1198,726	       0
  202	   1203,671	       1
  203	   1208,615	       0
  204	   1213,560	       0
  205	   1218,505	       0
  206	   1223,449	       1
  207	   1228,394	       0
  208	   1233,339	       0
  209	   1238,283	       0
  210	   1243,228	       0
  211	   1248,173	       0
  212	   1253,118	       1
  213	   1258,062	       0
  214	   1263,007	       0
  215	   1267,952	       0
  216	   1272,896	       0
  217	   1277,841	       1
  218	   1282,786	       0
  219	   1287,730	       1
  220	   1292,675	       0
  221	   1297,620	       1
  222	   1302,564	       0
  223	   1307,509	       0
  224	   1312,454	       0
  225	   1317,398	       0
  226	   1322,343	       0
  227	   1327,288	       0
  228	   1332,232	       0
  229	   1337,177	       0
  230	   1342,122	       0
  231	   1347,066	       0
  232	   1352,011	       0
  233	   1356,956	       0
  234	   1361,900	       1
  235	   1366,845	       0
  236	   1371,790	       0
  237	   1376,735	       0
  238	   1381,679	       0
  239	   1386,624	       0
  240	   1391,569	       0
  241	   1396,513	       0
  242	   1401,458	       0
  243	   1406,403	       1
  244	   1411,347	       0
  245	   1416,292	       1
  246	   1421,237	       0
  247	   1426,181	       0
  248	   1431,126	       0
  249	   1436,071	       0
  250	   1441,015	       0
  251	   1445,960	       0
  252	   1450,905	       0
  253	   1455,849	       2
  254	   1460,794	       0
  255	   1465,739	       1
  256	   1470,683	       1
  257	   1475,628	       0
  258	   1480,573	       0
  259	   1485,517	       0
  260	   1490,462	       0
  261	   1495,407	       0
  262	   1500,352	       0
  263	   1505,296	       0
  264	   1510,241	       0
  265	   1515,186	       0
  266	   1520,130	       0
  267	   1525,075	       0
  268	   1530,020	       0
  269	   1534,964	       0
  270	   1539,909	       0
  271	   1544,854	       0
  272	   1549,798	       0
  273	   1554,743	       0
  274	   1559,688	       0
  275	   1564,632	       0
  276	   1569,577	       0
  277	   1574,522	       0
  278	   1579,466	       0
  279	   1584,411	       0
  280	   1589,356	       0
  281	   1594,300	       0
  282	   1599,245	       0
  283	   1604,190	       0
  284	   1609,134	       0
  285	   1614,079	       0
  286	   1619,024	       0
  287	   1623,968	       0
  288	   1628,913	       0
  289	   1633,858	       0
  290	   1638,803	       0
  291	   1643,747	       0
  292	   1648,692	       0
  293	   1653,637	       0
  294	   1658,581	       0
  295	   1663,526	       0
  296	   1668,471	       0
  297	   1673,415	       0
  298	   1678,360	       0
  299	   1683,305	       0
  300	   1688,249	       0
  301	   1693,194	       0
  302	   1698,139	       0
  303	   1703,083	       0
  304	   1708,028	       1
  305	   1712,973	       1
  306	   1717,917	       0
  307	   1722,862	       0
  308	   1727,807	       0
  309	   1732,751	       0
  310	   1737,696	       0
  311	   1742,641	       0
  312	   1747,585	       0
  313	   1752,530	       0
  314	   1757,475	       0
  315	   1762,420	       0
  316	   1767,364	       0
  317	   1772,309	       2
  318	   1777,254	       0
  319	   1782,198	       0
  320	   1787,143	       0
  321	   1792,088	       0
  322	   1797,032	       0
  323	   1801,977	       0
  324	   1806,922	       0
  325	   1811,866	       0
  326	   1816,811	       0
  327	   1821,756	       0
  328	   1826,700	       0
  329	   1831,645	       0
  330	   1836,590	       0
  331	   1841,534	       1
  332	   1846,479	       0
  333	   1851,424	       0
  334	   1856,368	       0
  335	   1861,313	       0
  336	   1866,258	       1
  337	   1871,202	       0
  338	   1876,147	       0
  339	   1881,092	       0
  340	   1886,037	       0
  341	   1890,981	       0
  342	   1895,926	       0
  343	   1900,871	       0
  344	   1905,815	       0
  345	   1910,760	       0
  346	   1915,705	       0
  347	   1920,649	       0
  348	   1925,594	       0
  349	   1930,539	       0
  350	   1935,483	       0
  351	   1940,428	       0
  352	   1945,373	       0
  353	   1950,317	       0
  354	   1955,262	       0
  355	   1960,207	       0
  356	   1965,151	       0
  357	   1970,096	       0
  358	   1975,041	       0
  359	   1979,985	       0
  360	   1984,930	       0
  361	   1989,875	       0
  362	   1994,819	       0
  363	   1999,764	       0
  364	   2004,709	       0
  365	   2009,654	       0
  366	   2014,598	       0
  367	   2019,543	       0
  368	   2024,488	       0
  369	   2029,432	       0
  370	   2034,377	       0
  371	   2039,322	       0
  372	   2044,266	       0
  373	   2049,211	       1
  374	   2054,156	       0
  375	   2059,100	       1
  376	   2064,045	       0
  377	   2068,990	       0
  378	   2073,934	       0
  379	   2078,879	       0
  380	   2083,824	       0
  381	   2088,768	       0
  382	   2093,713	       0
  383	   2098,658	       0
  384	   2103,602	       0
  385	   2108,547	       0
  386	   2113,492	       0
  387	   2118,436	       0
  388	   2123,381	       0
  389	   2128,326	       0
  390	   2133,271	       0
  391	   2138,215	       0
  392	   2143,160	       0
  393	   2148,105	       0
  394	   2153,049	       0
  395	   2157,994	       0
  396	   2162,939	       0
  397	   2167,883	       0
  398	   2172,828	       0
  399	   2177,773	       0
  400	   2182,717	       0
  401	   2187,662	       0
  402	   2192,607	       0
  403	   2197,551	       0
  404	   2202,496	       0
  405	   2207,441	       0
  406	   2212,385	       0
  407	   2217,330	       0
  408	   2222,275	       0
  409	   2227,219	       0
  410	   2232,164	       0
  411	   2237,109	       0
  412	   2242,053	       0
  413	   2246,998	       0
  414	   2251,943	       0
  415	   2256,888	       0
  416	   2261,832	       0
  417	   2266,777	       0
  418	   2271,722	       0
  419	   2276,666	       0
  420	   2281,611	       0
  421	   2286,556	       0
  422	   2291,500	       0
  423	   2296,445	       0
  424	   2301,390	       0
  425	   2306,334	       0
  426	   2311,279	       0
  427	   2316,224	       0
  428	   2321,168	       1
  429	   2326,113	       0
  430	   2331,058	       0
  431	   2336,002	       0
  432	   2340,947	       0
  433	   2345,892	       0
  434	   2350,836	       0
  435	   2355,781	       1
  436	   2360,726	       0
  437	   2365,670	       0
  438	   2370,615	       0
  439	   2375,560	       0
  440	   2380,504	       0
  441	   2385,449	       1
  442	   2390,394	       0
  443	   2395,339	       1
  444	   2400,283	       0
  445	   2405,228	       0
  446	   2410,173	       0
  447	   2415,117	       0
  448	   2420,062	       0
  449	   2425,007	       0
  450	   2429,951	       0
  451	   2434,896	       0
  452	   2439,841	       0
  453	   2444,785	       0
  454	   2449,730	       0
  455	   2454,675	       0
  456	   2459,619	       0
  457	   2464,564	       0
  458	   2469,509	       0
  459	   2474,453	       0
  460	   2479,398	       0
  461	   2484,343	       0
  462	   2489,287	       1
  463	   2494,232	       0
  464	   2499,177	       0
  465	   2504,121	       0
  466	   2509,066	       0
  467	   2514,011	       0
  468	   2518,956	       0
  469	   2523,900	       0
  470	   2528,845	       0
  471	   2533,790	       0
  472	   2538,734	       0
  473	   2543,679	       0
  474	   2548,624	       0
  475	   2553,568	       0
  476	   2558,513	       0
  477	   2563,458	       0
  478	   2568,402	       0
  479	   2573,347	       0
  480	   2578,292	       0
  481	   2583,236	       1
  482	   2588,181	       0
  483	   2593,126	       0
  484	   2598,070	       0
  485	   2603,015	       0
  486	   2607,960	       0
  487	   2612,904	       0
  488	   2617,849	       0
  489	   2622,794	       0
  490	   2627,738	       0
  491	   2632,683	       0
  492	   2637,628	       0
  493	   2642,573	       0
  494	   2647,517	       0
  495	   2652,462	       0
  496	   2657,407	       0
  497	   2662,351	       0
  498	   2667,296	       0
  499	   2672,241	       0
  500	   2677,185	       1
  501	   2682,130	       0
  502	   2687,075	       0
  503	   2692,019	       0
  504	   2696,964	       0
  505	   2701,909	       0
  506	   2706,853	       0
  507	   2711,798	       0
  508	   2716,743	       1
  509	   2721,687	       0
  510	   2726,632	       0
  511	   2731,577	       0
  512	   2736,521	       0
  513	   2741,466	       0
  514	   2746,411	       0
  515	   2751,355	       0
  516	   2756,300	       0
  517	   2761,245	       0
  518	   2766,190	       0
  519	   2771,134	       1
  520	   2776,079	       0
  521	   2781,024	       0
  522	   2785,968	       0
  523	   2790,913	       0
  524	   2795,858	       0
  525	   2800,802	       0
  526	   2805,747	       0
  527	   2810,692	       0
  528	   2815,636	       0
  529	   2820,581	       0
  530	   2825,526	       0
  531	   2830,470	       0
  532	   2835,415	       0
  533	   2840,360	       0
  534	   2845,304	       0
  535	   2850,249	       0
  536	   2855,194	       1
  537	   2860,138	       0
  538	   2865,083	       0
  539	   2870,028	       0
  540	   2874,972	       0
  541	   2879,917	       1
  542	   2884,862	       0
  543	   2889,807	       0
  544	   2894,751	       0
  545	   2899,696	       0
  546	   2904,641	       0
  547	   2909,585	       0
  548	   2914,530	       0
  549	   2919,475	       0
  550	   2924,419	       0
  551	   2929,364	       0
  552	   2934,309	       0
  553	   2939,253	       0
  554	   2944,198	       0
  555	   2949,143	       0
  556	   2954,087	       0
  557	   2959,032	       0
  558	   2963,977	       0
  559	   2968,921	       1
  560	   2973,866	       0
  561	   2978,811	       0
  562	   2983,755	       0
  563	   2988,700	       0
  564	   2993,645	       0
  565	   2998,589	       0
  566	   3003,534	       0
  567	   3008,479	       1
  568	   3013,424	       0
  569	   3018,368	       0
  570	   3023,313	       0
  571	   3028,258	       0
  572	   3033,202	       0
  573	   3038,147	       0
  574	   3043,092	       0
  575	   3048,036	       0
  576	   3052,981	       0
  577	   3057,926	       0
  578	   3062,870	       0
  579	   3067,815	       0
  580	   3072,760	       0
  581	   3077,704	       0
  582	   3082,649	       0
  583	   3087,594	       0
  584	   3092,538	       0
  585	   3097,483	       0
  586	   3102,428	       0
  587	   3107,372	       0
  588	   3112,317	       0
  589	   3117,262	       0
  590	   3122,206	       0
  591	   3127,151	       0
  592	   3132,096	       0
  593	   3137,040	       0
  594	   3141,985	       1
  595	   3146,930	       0
  596	   3151,875	       0
  597	   3156,819	       0
  598	   3161,764	       0
  599	   3166,709	       0
  600	   3171,653	       0
  601	   3176,598	       0
  602	   3181,543	       0
  603	   3186,487	       1
  604	   3191,432	       0
  605	   3196,377	       0
  606	   3201,321	       0
  607	   3206,266	       0
  608	   3211,211	       0
  609	   3216,155	       0
  610	   3221,100	       0
  611	   3226,045	       0
  612	   3230,989	       0
  613	   3235,934	       0
  614	   3240,879	       0
  615	   3245,823	       0
  616	   3250,768	       0
  617	   3255,713	       0
  618	   3260,657	       0
  619	   3265,602	       0
  620	   3270,547	       0
  621	   3275,492	       0
  622	   3280,436	       0
  623	   3285,381	       0
  624	   3290,326	       0
  625	   3295,270	       0
  626	   3300,215	       0
  627	   3305,160	       0
  628	   3310,104	       0
  629	   3315,049	       0
  630	   3319,994	       0
  631	   3324,938	       0
  632	   3329,883	       0
  633	   3334,828	       0
  634	   3339,772	       0
  635	   3344,717	       0
  636	   3349,662	       0
  637	   3354,606	       0
  638	   3359,551	       0
  639	   3364,496	       0
  640	   3369,440	       0
  641	   3374,385	       0
  642	   3379,330	       0
  643	   3384,274	       0
  644	   3389,219	       0
  645	   3394,164	       0
  646	   3399,109	       0
  647	   3404,053	       0
  648	   3408,998	       0
  649	   3413,943	       0
  650	   3418,887	       0
  651	   3423,832	       1
  652	   3428,777	       0
  653	   3433,721	       0
  654	   3438,666	       0
  655	   3443,611	       0
  656	   3448,555	       0
  657	   3453,500	       0
  658	   3458,445	       0
  659	   3463,389	       0
  660	   3468,334	       0
  661	   3473,279	       0
  662	   3478,223	       0
  663	   3483,168	       0
  664	   3488,113	       0
  665	   3493,057	       0
  666	   3498,002	       0
  667	   3502,947	       0
  668	   3507,891	       0
  669	   3512,836	       0
  670	   3517,781	       0
  671	   3522,726	       0
  672	   3527,670	       0
  673	   3532,615	       0
  674	   3537,560	       0
  675	   3542,504	       0
  676	   3547,449	       0
  677	   3552,394	       0
  678	   3557,338	       0
  679	   3562,283	       0
  680	   3567,228	       0
  681	   3572,172	       0
  682	   3577,117	       0
  683	   3582,062	       0
  684	   3587,006	       0
  685	   3591,951	       0
  686	   3596,896	       0
  687	   3601,840	       0
  688	   3606,785	       0
  689	   3611,730	       0
  690	   3616,674	       0
  691	   3621,619	       0
  692	   3626,564	       0
  693	   3631,508	       0
  694	   3636,453	       0
  695	   3641,398	       1
  696	   3646,343	       0
  697	   3651,287	       0
  698	   3656,232	       0
  699	   3661,177	       0
  700	   3666,121	       0
  701	   3671,066	       0
  702	   3676,011	       0
  703	   3680,955	       1
  704	   3685,900	       0
  705	   3690,845	       0
  706	   3695,789	       0
  707	   3700,734	       0
  708	   3705,679	       0
  709	   3710,623	       0
  710	   3715,568	       0
  711	   3720,513	       0
  712	   3725,457	       0
  713	   3730,402	       0
  714	   3735,347	       0
  715	   3740,291	       0
  716	   3745,236	       0
  717	   3750,181	       0
  718	   3755,125	       0
  719	   3760,070	       1
  720	   3765,015	       0
  721	   3769,960	       0
  722	   3774,904	       0
  723	   3779,849	       0
  724	   3784,794	       0
  725	   3789,738	       0
  726	   3794,683	       0
  727	   3799,628	       0
  728	   3804,572	       0
  729	   3809,517	       1
  730	   3814,462	       0
  731	   3819,406	       0
  732	   3824,351	       0
  733	   3829,296	       0
  734	   3834,240	       0
  735	   3839,185	       0
  736	   3844,130	       0
  737	   3849,074	       0
  738	   3854,019	       1
  739	   3858,964	       0
  740	   3863,908	       0
  741	   3868,853	       0
  742	   3873,798	       0
  743	   3878,742	       0
  744	   3883,687	       0
  745	   3888,632	       0
  746	   3893,576	       0
  747	   3898,521	       0
  748	   3903,466	       2
  749	   3908,411	       0
  750	   3913,355	       0
  751	   3918,300	       0
  752	   3923,245	       0
  753	   3928,189	       0
  754	   3933,134	       0
  755	   3938,079	       0
  756	   3943,023	       0
  757	   3947,968	       0
  758	   3952,913	       0
  759	   3957,857	       0
  760	   3962,802	       0
  761	   3967,747	       0
  762	   3972,691	       0
  763	   3977,636	       0
  764	   3982,581	       0
  765	   3987,525	       0
  766	   3992,470	       0
  767	   3997,415	       0
  768	   4002,359	       1
  769	   4007,304	       0
  770	   4012,249	       0
  771	   4017,193	       0
  772	   4022,138	       0
  773	   4027,083	       0
  774	   4032,028	       0
  775	   4036,972	       0
  776	   4041,917	       0
  777	   4046,862	       0
  778	   4051,806	       0
  779	   4056,751	       0
  780	   4061,696	       0
  781	   4066,640	       1
  782	   4071,585	       0
  783	   4076,530	       0
  784	   4081,474	       1
  785	   4086,419	       0
  786	   4091,364	       0
  787	   4096,308	       1
  788	   4101,253	       0
  789	   4106,198	       0
  790	   4111,142	       0
  791	   4116,087	       0
  792	   4121,032	       0
  793	   4125,976	       0
  794	   4130,921	       0
  795	   4135,866	       0
  796	   4140,810	       0
  797	   4145,755	       0
  798	   4150,700	       0
  799	   4155,645	       2
  800	   4160,589	       0
  801	   4165,534	       0
  802	   4170,479	       0
  803	   4175,423	       0
  804	   4180,368	       1
  805	   4185,313	       0
  806	   4190,257	       0
  807	   4195,202	       0
  808	   4200,147	       0
  809	   4205,091	       0
  810	   4210,036	       0
  811	   4214,981	       0
  812	   4219,925	       0
  813	   4224,870	       0
  814	   4229,815	       1
  815	   4234,759	       0
  816	   4239,704	       0
  817	   4244,649	       0
  818	   4249,593	       0
  819	   4254,538	       0
  820	   4259,483	       0
  821	   4264,427	       0
  822	   4269,372	       0
  823	   4274,317	       0
  824	   4279,262	       0
  825	   4284,206	       0
  826	   4289,151	       0
  827	   4294,096	       0
  828	   4299,040	       0
  829	   4303,985	       0
  830	   4308,930	       0
  831	   4313,874	       0
  832	   4318,819	       0
  833	   4323,764	       0
  834	   4328,708	       0
  835	   4333,653	       0
  836	   4338,598	       1
  837	   4343,542	       0
  838	   4348,487	       0
  839	   4353,432	       0
  840	   4358,376	       1
  841	   4363,321	       0
  842	   4368,266	       0
  843	   4373,210	       0
  844	   4378,155	       0
  845	   4383,100	       0
  846	   4388,044	       0
  847	   4392,989	       0
  848	   4397,934	       1
  849	   4402,879	       0
  850	   4407,823	       0
  851	   4412,768	       0
  852	   4417,713	       1
  853	   4422,657	       0
  854	   4427,602	       0
  855	   4432,547	       0
  856	   4437,491	       1
  857	   4442,436	       0
  858	   4447,381	       0
  859	   4452,325	       0
  860	   4457,270	       0
  861	   4462,215	       0
  862	   4467,159	       0
  863	   4472,104	       0
  864	   4477,049	       0
  865	   4481,993	       0
  866	   4486,938	       0
  867	   4491,883	       0
  868	   4496,827	       0
  869	   4501,772	       0
  870	   4506,717	       0
  871	   4511,661	       0
  872	   4516,606	       0
  873	   4521,551	       0
  874	   4526,496	       1
  875	   4531,440	       0
  876	   4536,385	       1
  877	   4541,330	       0
  878	   4546,274	       0
  879	   4551,219	       2
  880	   4556,164	       0
  881	   4561,108	       1
  882	   4566,053	       0
  883	   4570,998	       0
  884	   4575,942	       0
  885	   4580,887	       1
  886	   4585,832	       1
  887	   4590,776	       0
  888	   4595,721	       3
  889	   4600,666	       2
  890	   4605,610	       0
  891	   4610,555	       3
  892	   4615,500	       2
  893	   4620,444	       3
  894	   4625,389	       3
  895	   4630,334	       1
  896	   4635,278	       4
  897	   4640,223	       1
  898	   4645,168	       2
  899	   4650,112	       0
  900	   4655,057	       0
  901	   4660,002	       0
  902	   4664,947	       1
  903	   4669,891	       0
  904	   4674,836	       0
  905	   4679,781	       0
  906	   4684,725	       1
  907	   4689,670	       1
  908	   4694,615	       1
  909	   4699,559	       0
  910	   4704,504	       0
  911	   4709,449	       1
  912	   4714,393	       0
  913	   4719,338	       0
  914	   4724,283	       2
  915	   4729,227	       3
  916	   4734,172	       9
  917	   4739,117	       4
  918	   4744,061	       4
  919	   4749,006	       7
  920	   4753,951	      11
  921	   4758,895	      16
  922	   4763,840	      19
  923	   4768,785	      19
  924	   4773,729	      30
  925	   4778,674	      18
  926	   4783,619	      24
  927	   4788,564	      19
  928	   4793,508	      20
  929	   4798,453	      23
  930	   4803,398	      22
  931	   4808,342	      27
  932	   4813,287	      15
  933	   4818,232	      17
  934	   4823,176	      21
  935	   4828,121	       8
  936	   4833,066	      11
  937	   4838,010	       2
  938	   4842,955	       2
  939	   4847,900	       0
  940	   4852,844	       0
  941	   4857,789	       0
  942	   4862,734	       0
  943	   4867,678	       0
  944	   4872,623	       0
  945	   4877,568	       0
  946	   4882,512	       0
  947	   4887,457	       0
  948	   4892,402	       0
  949	   4897,346	       0
  950	   4902,291	       0
  951	   4907,236	       0
  952	   4912,181	       0
  953	   4917,125	       0
  954	   4922,070	       0
  955	   4927,015	       0
  956	   4931,959	       0
  957	   4936,904	       1
  958	   4941,849	       0
  959	   4946,793	       0
  960	   4951,738	       0
  961	   4956,683	       0
  962	   4961,627	       0
  963	   4966,572	       0
  964	   4971,517	       0
  965	   4976,461	       0
  966	   4981,406	       0
  967	   4986,351	       0
  968	   4991,295	       0
  969	   4996,240	       0
  970	   5001,185	       0
  971	   5006,129	       0
  972	   5011,074	       0
  973	   5016,019	       0
  974	   5020,963	       0
  975	   5025,908	       0
  976	   5030,853	       0
  977	   5035,798	       0
  978	   5040,742	       0
  979	   5045,687	       0
  980	   5050,632	       0
  981	   5055,576	       0
  982	   5060,521	       0
  983	   5065,466	       1
  984	   5070,410	       2
  985	   5075,355	       0
  986	   5080,300	       0
  987	   5085,244	       0
  988	   5090,189	       0
  989	   5095,134	       0
  990	   5100,078	       0
  991	   5105,023	       0
  992	   5109,968	       0
  993	   5114,912	       0
  994	   5119,857	       0
  995	   5124,802	       0
  996	   5129,746	       0
  997	   5134,691	       0
  998	   5139,636	       0
  999	   5144,580	       0
 1000	   5149,525	       0
 1001	   5154,470	       1
 1002	   5159,415	       0
 1003	   5164,359	       1
 1004	   5169,304	       0
 1005	   5174,249	       0
 1006	   5179,193	       0
 1007	   5184,138	       0
 1008	   5189,083	       0
 1009	   5194,027	       1
 1010	   5198,972	       0
 1011	   5203,917	       1
 1012	   5208,861	       0
 1013	   5213,806	       0
 1014	   5218,751	       0
 1015	   5223,695	       1
 1016	   5228,640	       2
 1017	   5233,585	       1
 1018	   5238,529	       0
 1019	   5243,474	       0
 1020	   5248,419	       3
 1021	   5253,363	       3
 1022	   5258,308	       1
 1023	   5263,253	       2
 1024	   5268,197	       6
 1025	   5273,142	       9
 1026	   5278,087	      15
 1027	   5283,032	      18
 1028	   5287,976	      12
 1029	   5292,921	      16
 1030	   5297,866	      21
 1031	   5302,810	      15
 1032	   5307,755	      15
 1033	   5312,700	      15
 1034	   5317,644	      19
 1035	   5322,589	      10
 1036	   5327,534	      10
 1037	   5332,478	       6
 1038	   5337,423	       1
 1039	   5342,368	       5
 1040	   5347,312	       4
 1041	   5352,257	       4
 1042	   5357,202	       0
 1043	   5362,146	       0
 1044	   5367,091	       1
 1045	   5372,036	       1
 1046	   5376,980	       0
 1047	   5381,925	       0
 1048	   5386,870	       0
 1049	   5391,814	       1
 1050	   5396,759	       0
 1051	   5401,704	       1
 1052	   5406,648	       0
 1053	   5411,593	       1
 1054	   5416,538	       0
 1055	   5421,483	       3
 1056	   5426,427	       0
 1057	   5431,372	       1
 1058	   5436,317	       0
 1059	   5441,261	       4
 1060	   5446,206	       2
 1061	   5451,151	       6
 1062	   5456,095	      10
 1063	   5461,040	      13
 1064	   5465,985	      13
 1065	   5470,929	      14
 1066	   5475,874	      21
 1067	   5480,819	      23
 1068	   5485,763	      26
 1069	   5490,708	      25
 1070	   5495,653	      27
 1071	   5500,597	      24
 1072	   5505,542	      17
 1073	   5510,487	      16
 1074	   5515,431	      11
 1075	   5520,376	      12
 1076	   5525,321	      15
 1077	   5530,265	       5
 1078	   5535,210	       1
 1079	   5540,155	       1
 1080	   5545,100	       2
 1081	   5550,044	       0
 1082	   5554,989	       0
 1083	   5559,934	       0
 1084	   5564,878	       0
 1085	   5569,823	       1
 1086	   5574,768	       0
 1087	   5579,712	       0
 1088	   5584,657	       0
 1089	   5589,602	       0
 1090	   5594,546	       0
 1091	   5599,491	       0
 1092	   5604,436	       0
 1093	   5609,380	       0
 1094	   5614,325	       0
 1095	   5619,270	       0
 1096	   5624,214	       0
 1097	   5629,159	       0
 1098	   5634,104	       0
 1099	   5639,048	       0
 1100	   5643,993	       0
 1101	   5648,938	       0
 1102	   5653,882	       1
 1103	   5658,827	       0
 1104	   5663,772	       0
 1105	   5668,717	       0
 1106	   5673,661	       0
 1107	   5678,606	       0
 1108	   5683,551	       0
 1109	   5688,495	       0
 1110	   5693,440	       0
 1111	   5698,385	       0
 1112	   5703,329	       0
 1113	   5708,274	       0
 1114	   5713,219	       0
 1115	   5718,163	       0
 1116	   5723,108	       0
 1117	   5728,053	       0
 1118	   5732,997	       0
 1119	   5737,942	       0
 1120	   5742,887	       0
 1121	   5747,831	       0
 1122	   5752,776	       1
 1123	   5757,721	       0
 1124	   5762,665	       0
 1125	   5767,610	       0
 1126	   5772,555	       0
 1127	   5777,499	       0
 1128	   5782,444	       0
 1129	   5787,389	       0
 1130	   5792,334	       0
 1131	   5797,278	       0
 1132	   5802,223	       0
 1133	   5807,168	       0
 1134	   5812,112	       0
 1135	   5817,057	       2
 1136	   5822,002	       0
 1137	   5826,946	       0
 1138	   5831,891	       0
 1139	   5836,836	       0
 1140	   5841,780	       1
 1141	   5846,725	       0
 1142	   5851,670	       0
 1143	   5856,614	       0
 1144	   5861,559	       0
 1145	   5866,504	       0
 1146	   5871,448	       0
 1147	   5876,393	       0
 1148	   5881,338	       1
 1149	   5886,282	       0
 1150	   5891,227	       0
 1151	   5896,172	       1
 1152	   5901,116	       0
 1153	   5906,061	       0
 1154	   5911,006	       0
 1155	   5915,951	       0
 1156	   5920,895	       0
 1157	   5925,840	       1
 1158	   5930,785	       0
 1159	   5935,729	       1
 1160	   5940,674	       1
 1161	   5945,619	       0
 1162	   5950,563	       1
 1163	   5955,508	       4
 1164	   5960,453	       6
 1165	   5965,397	       5
 1166	   5970,342	      12
 1167	   5975,287	       7
 1168	   5980,231	       9
 1169	   5985,176	      16
 1170	   5990,121	      25
 1171	   5995,065	      27
 1172	   6000,010	      28
 1173	   6004,955	      21
 1174	   6009,899	      28
 1175	   6014,844	      18
 1176	   6019,789	      25
 1177	   6024,733	      20
 1178	   6029,678	      14
 1179	   6034,623	      10
 1180	   6039,568	       7
 1181	   6044,512	       6
 1182	   6049,457	       3
 1183	   6054,402	       1
 1184	   6059,346	       1
 1185	   6064,291	       0
 1186	   6069,236	       0
 1187	   6074,180	       0
 1188	   6079,125	       1
 1189	   6084,070	       0
 1190	   6089,014	       0
 1191	   6093,959	       0
 1192	   6098,904	       1
 1193	   6103,848	       0
 1194	   6108,793	       0
 1195	   6113,738	       0
 1196	   6118,682	       0
 1197	   6123,627	       0
 1198	   6128,572	       0
 1199	   6133,516	       0
 1200	   6138,461	       0
 1201	   6143,406	       0
 1202	   6148,350	       0
 1203	   6153,295	       0
 1204	   6158,240	       0
 1205	   6163,184	       0
 1206	   6168,129	       0
 1207	   6173,074	       0
 1208	   6178,019	       0
 1209	   6182,963	       0
 1210	   6187,908	       0
 1211	   6192,853	       0
 1212	   6197,797	       0
 1213	   6202,742	       0
 1214	   6207,687	       0
 1215	   6212,631	       0
 1216	   6217,576	       0
 1217	   6222,521	       0
 1218	   6227,465	       0
 1219	   6232,410	       0
 1220	   6237,355	       0
 1221	   6242,299	       0
 1222	   6247,244	       0
 1223	   6252,189	       0
 1224	   6257,133	       0
 1225	   6262,078	       0
 1226	   6267,023	       0
 1227	   6271,967	       0
 1228	   6276,912	       0
 1229	   6281,857	       0
 1230	   6286,801	       0
 1231	   6291,746	       0
 1232	   6296,691	       0
 1233	   6301,636	       0
 1234	   6306,580	       1
 1235	   6311,525	       0
 1236	   6316,470	       0
 1237	   6321,414	       0
 1238	   6326,359	       0
 1239	   6331,304	       0
 1240	   6336,248	       0
 1241	   6341,193	       0
 1242	   6346,138	       0
 1243	   6351,082	       0
 1244	   6356,027	       0
 1245	   6360,972	       0
 1246	   6365,916	       0
 1247	   6370,861	       0
 1248	   6375,806	       0
 1249	   6380,750	       1
 1250	   6385,695	       0
 1251	   6390,640	       0
 1252	   6395,584	       0
 1253	   6400,529	       0
 1254	   6405,474	       0
 1255	   6410,418	       0
 1256	   6415,363	       0
 1257	   6420,308	       0
 1258	   6425,253	       0
 1259	   6430,197	       0
 1260	   6435,142	       0
 1261	   6440,087	       0
 1262	   6445,031	       0
 1263	   6449,976	       0
 1264	   6454,921	       0
 1265	   6459,865	       0
 1266	   6464,810	       0
 1267	   6469,755	       0
 1268	   6474,699	       0
 1269	   6479,644	       0
 1270	   6484,589	       0
 1271	   6489,533	       0
 1272	   6494,478	       0
 1273	   6499,423	       0
 1274	   6504,367	       0
 1275	   6509,312	       0
 1276	   6514,257	       0
 1277	   6519,201	       0
 1278	   6524,146	       0
 1279	   6529,091	       0
 1280	   6534,035	       0
 1281	   6538,980	       0
 1282	   6543,925	       0
 1283	   6548,870	       0
 1284	   6553,814	       0
 1285	   6558,759	       0
 1286	   6563,704	       0
 1287	   6568,648	       0
 1288	   6573,593	       0
 1289	   6578,538	       0
 1290	   6583,482	       0
 1291	   6588,427	       0
 1292	   6593,372	       0
 1293	   6598,316	       0
 1294	   6603,261	       0
 1295	   6608,206	       0
 1296	   6613,150	       0
 1297	   6618,095	       0
 1298	   6623,040	       0
 1299	   6627,984	       0
 1300	   6632,929	       0
 1301	   6637,874	       0
 1302	   6642,818	       0
 1303	   6647,763	       0
 1304	   6652,708	       0
 1305	   6657,652	       0
 1306	   6662,597	       0
 1307	   6667,542	       0
 1308	   6672,487	       0
 1309	   6677,431	       0
 1310	   6682,376	       0
 1311	   6687,321	       0
 1312	   6692,265	       0
 1313	   6697,210	       0
 1314	   6702,155	       0
 1315	   6707,099	       0
 1316	   6712,044	       0
 1317	   6716,989	       0
 1318	   6721,933	       0
 1319	   6726,878	       0
 1320	   6731,823	       0
 1321	   6736,767	       0
 1322	   6741,712	       0
 1323	   6746,657	       0
 1324	   6751,601	       0
 1325	   6756,546	       0
 1326	   6761,491	       0
 1327	   6766,435	       0
 1328	   6771,380	       0
 1329	   6776,325	       0
 1330	   6781,269	       0
 1331	   6786,214	       0
 1332	   6791,159	       0
 1333	   6796,104	       0
 1334	   6801,048	       0
 1335	   6805,993	       0
 1336	   6810,938	       0
 1337	   6815,882	       0
 1338	   6820,827	       0
 1339	   6825,772	       0
 1340	   6830,716	       0
 1341	   6835,661	       0
 1342	   6840,606	       0
 1343	   6845,550	       0
 1344	   6850,495	       0
 1345	   6855,440	       0
 1346	   6860,384	       0
 1347	   6865,329	       0
 1348	   6870,274	       0
 1349	   6875,218	       0
 1350	   6880,163	       0
 1351	   6885,108	       0
 1352	   6890,052	       0
 1353	   6894,997	       0
 1354	   6899,942	       0
 1355	   6904,886	       0
 1356	   6909,831	       0
 1357	   6914,776	       0
 1358	   6919,720	       0
 1359	   6924,665	       0
 1360	   6929,610	       0
 1361	   6934,555	       0
 1362	   6939,499	       0
 1363	   6944,444	       0
 1364	   6949,389	       0
 1365	   6954,333	       0
 1366	   6959,278	       0
 1367	   6964,223	       0
 1368	   6969,167	       0
 1369	   6974,112	       0
 1370	   6979,057	       0
 1371	   6984,001	       0
 1372	   6988,946	       0
 1373	   6993,891	       0
 1374	   6998,835	       0
 1375	   7003,780	       0
 1376	   7008,725	       0
 1377	   7013,669	       0
 1378	   7018,614	       0
 1379	   7023,559	       0
 1380	   7028,503	       0
 1381	   7033,448	       0
 1382	   7038,393	       0
 1383	   7043,337	       0
 1384	   7048,282	       0
 1385	   7053,227	       0
 1386	   7058,172	       0
 1387	   7063,116	       0
 1388	   7068,061	       0
 1389	   7073,006	       0
 1390	   7077,950	       0
 1391	   7082,895	       0
 1392	   7087,840	       0
 1393	   7092,784	       0
 1394	   7097,729	       0
 1395	   7102,674	       0
 1396	   7107,618	       0
 1397	   7112,563	       0
 1398	   7117,508	       0
 1399	   7122,452	       0
 1400	   7127,397	       0
 1401	   7132,342	       0
 1402	   7137,286	       0
 1403	   7142,231	       0
 1404	   7147,176	       0
 1405	   7152,120	       0
 1406	   7157,065	       0
 1407	   7162,010	       0
 1408	   7166,954	       0
 1409	   7171,899	       0
 1410	   7176,844	       0
 1411	   7181,789	       0
 1412	   7186,733	       0
 1413	   7191,678	       0
 1414	   7196,623	       0
 1415	   7201,567	       0
 1416	   7206,512	       0
 1417	   7211,457	       0
 1418	   7216,401	       0
 1419	   7221,346	       0
 1420	   7226,291	       0
 1421	   7231,235	       0
 1422	   7236,180	       0
 1423	   7241,125	       0
 1424	   7246,069	       0
 1425	   7251,014	       0
 1426	   7255,959	       0
 1427	   7260,903	       0
 1428	   7265,848	       0
 1429	   7270,793	       0
 1430	   7275,737	       0
 1431	   7280,682	       0
 1432	   7285,627	       0
 1433	   7290,571	       0
 1434	   7295,516	       1
 1435	   7300,461	       0
 1436	   7305,406	       0
 1437	   7310,350	       0
 1438	   7315,295	       0
 1439	   7320,240	       0
 1440	   7325,184	       0
 1441	   7330,129	       0
 1442	   7335,074	       0
 1443	   7340,018	       0
 1444	   7344,963	       0
 1445	   7349,908	       0
 1446	   7354,852	       0
 1447	   7359,797	       0
 1448	   7364,742	       0
 1449	   7369,686	       0
 1450	   7374,631	       0
 1451	   7379,576	       0
 1452	   7384,520	       0
 1453	   7389,465	       0
 1454	   7394,410	       0
 1455	   7399,354	       0
 1456	   7404,299	       0
 1457	   7409,244	       0
 1458	   7414,188	       0
 1459	   7419,133	       0
 1460	   7424,078	       0
 1461	   7429,023	       0
 1462	   7433,967	       0
 1463	   7438,912	       0
 1464	   7443,857	       0
 1465	   7448,801	       0
 1466	   7453,746	       0
 1467	   7458,691	       0
 1468	   7463,635	       0
 1469	   7468,580	       0
 1470	   7473,525	       0
 1471	   7478,469	       0
 1472	   7483,414	       1
 1473	   7488,359	       1
 1474	   7493,303	       0
 1475	   7498,248	       0
 1476	   7503,193	       0
 1477	   7508,137	       0
 1478	   7513,082	       0
 1479	   7518,027	       0
 1480	   7522,971	       0
 1481	   7527,916	       0
 1482	   7532,861	       0
 1483	   7537,805	       0
 1484	   7542,750	       0
 1485	   7547,695	       0
 1486	   7552,640	       0
 1487	   7557,584	       0
 1488	   7562,529	       0
 1489	   7567,474	       0
 1490	   7572,418	       0
 1491	   7577,363	       0
 1492	   7582,308	       0
 1493	   7587,252	       0
 1494	   7592,197	       0
 1495	   7597,142	       0
 1496	   7602,086	       0
 1497	   7607,031	       0
 1498	   7611,976	       0
 1499	   7616,920	       2
 1500	   7621,865	       0
 1501	   7626,810	       1
 1502	   7631,754	       3
 1503	   7636,699	       4
 1504	   7641,644	       6
 1505	   7646,588	       8
 1506	   7651,533	       6
 1507	   7656,478	      10
 1508	   7661,422	      14
 1509	   7666,367	      20
 1510	   7671,312	      26
 1511	   7676,256	      22
 1512	   7681,201	      29
 1513	   7686,146	      27
 1514	   7691,091	      35
 1515	   7696,035	      24
 1516	   7700,980	      15
 1517	   7705,925	       7
 1518	   7710,869	       9
 1519	   7715,814	       8
 1520	   7720,759	       7
 1521	   7725,703	       2
 1522	   7730,648	       3
 1523	   7735,593	       0
 1524	   7740,537	       0
 1525	   7745,482	       0
 1526	   7750,427	       0
 1527	   7755,371	       0
 1528	   7760,316	       0
 1529	   7765,261	       0
 1530	   7770,205	       0
 1531	   7775,150	       0
 1532	   7780,095	       0
 1533	   7785,039	       0
 1534	   7789,984	       0
 1535	   7794,929	       0
 1536	   7799,873	       0
 1537	   7804,818	       0
 1538	   7809,763	       0
 1539	   7814,708	       0
 1540	   7819,652	       0
 1541	   7824,597	       0
 1542	   7829,542	       0
 1543	   7834,486	       0
 1544	   7839,431	       0
 1545	   7844,376	       0
 1546	   7849,320	       0
 1547	   7854,265	       0
 1548	   7859,210	       0
 1549	   7864,154	       0
 1550	   7869,099	       0
 1551	   7874,044	       0
 1552	   7878,988	       0
 1553	   7883,933	       0
 1554	   7888,878	       0
 1555	   7893,822	       0
 1556	   7898,767	       0
 1557	   7903,712	       0
 1558	   7908,656	       0
 1559	   7913,601	       0
 1560	   7918,546	       0
 1561	   7923,490	       0
 1562	   7928,435	       0
 1563	   7933,380	       0
 1564	   7938,325	       0
 1565	   7943,269	       0
 1566	   7948,214	       0
 1567	   7953,159	       0
 1568	   7958,103	       0
 1569	   7963,048	       0
 1570	   7967,993	       0
 1571	   7972,937	       0
 1572	   7977,882	       0
 1573	   7982,827	       0
 1574	   7987,771	       0
 1575	   7992,716	       0
 1576	   7997,661	       0
 1577	   8002,605	       0
 1578	   8007,550	       0
 1579	   8012,495	       0
 1580	   8017,439	       0
 1581	   8022,384	       0
 1582	   8027,329	       0
 1583	   8032,273	       0
 1584	   8037,218	       0
 1585	   8042,163	       0
 1586	   8047,107	       0
 1587	   8052,052	       0
 1588	   8056,997	       0
 1589	   8061,942	       0
 1590	   8066,886	       0
 1591	   8071,831	       0
 1592	   8076,776	       0
 1593	   8081,720	       0
 1594	   8086,665	       0
 1595	   8091,610	       0
 1596	   8096,554	       0
 1597	   8101,499	       0
 1598	   8106,444	       0
 1599	   8111,388	       0
 1600	   8116,333	       0
 1601	   8121,278	       0
 1602	   8126,222	       0
 1603	   8131,167	       0
 1604	   8136,112	       0
 1605	   8141,056	       0
 1606	   8146,001	       0
 1607	   8150,946	       0
 1608	   8155,890	       0
 1609	   8160,835	       0
 1610	   8165,780	       0
 1611	   8170,724	       0
 1612	   8175,669	       0
 1613	   8180,614	       0
 1614	   8185,559	       0
 1615	   8190,503	       0
 1616	   8195,448	       0
 1617	   8200,393	       0
 1618	   8205,337	       0
 1619	   8210,282	       0
 1620	   8215,227	       0
 1621	   8220,171	       0
 1622	   8225,116	       0
 1623	   8230,061	       0
 1624	   8235,005	       0
 1625	   8239,950	       0
 1626	   8244,895	       0
 1627	   8249,839	       0
 1628	   8254,784	       0
 1629	   8259,729	       0
 1630	   8264,673	       0
 1631	   8269,618	       0
 1632	   8274,563	       0
 1633	   8279,507	       0
 1634	   8284,452	       0
 1635	   8289,397	       0
 1636	   8294,341	       0
 1637	   8299,286	       0
 1638	   8304,231	       0
 1639	   8309,176	       0
 1640	   8314,120	       0
 1641	   8319,065	       0
 1642	   8324,010	       0
 1643	   8328,954	       0
 1644	   8333,899	       0
 1645	   8338,844	       0
 1646	   8343,788	       0
 1647	   8348,733	       0
 1648	   8353,678	       0
 1649	   8358,622	       0
 1650	   8363,567	       0
 1651	   8368,512	       0
 1652	   8373,456	       0
 1653	   8378,401	       0
 1654	   8383,346	       0
 1655	   8388,290	       0
 1656	   8393,235	       0
 1657	   8398,180	       0
 1658	   8403,124	       0
 1659	   8408,069	       0
 1660	   8413,014	       0
 1661	   8417,958	       0
 1662	   8422,903	       0
 1663	   8427,848	       0
 1664	   8432,792	       0
 1665	   8437,737	       0
 1666	   8442,682	       0
 1667	   8447,627	       0
 1668	   8452,571	       0
 1669	   8457,516	       0
 1670	   8462,461	       0
 1671	   8467,405	       0
 1672	   8472,350	       0
 1673	   8477,295	       0
 1674	   8482,239	       0
 1675	   8487,184	       0
 1676	   8492,129	       0
 1677	   8497,073	       0
 1678	   8502,018	       0
 1679	   8506,963	       0
 1680	   8511,907	       0
 1681	   8516,852	       0
 1682	   8521,797	       0
 1683	   8526,741	       0
 1684	   8531,686	       0
 1685	   8536,631	       0
 1686	   8541,575	       0
 1687	   8546,520	       0
 1688	   8551,465	       0
 1689	   8556,409	       0
 1690	   8561,354	       0
 1691	   8566,299	       0
 1692	   8571,244	       0
 1693	   8576,188	       0
 1694	   8581,133	       0
 1695	   8586,078	       0
 1696	   8591,022	       0
 1697	   8595,967	       0
 1698	   8600,912	       0
 1699	   8605,856	       0
 1700	   8610,801	       0
 1701	   8615,746	       0
 1702	   8620,690	       0
 1703	   8625,635	       0
 1704	   8630,580	       0
 1705	   8635,524	       0
 1706	   8640,469	       0
 1707	   8645,414	       0
 1708	   8650,358	       0
 1709	   8655,303	       0
 1710	   8660,248	       0
 1711	   8665,192	       0
 1712	   8670,137	       0
 1713	   8675,082	       0
 1714	   8680,026	       0
 1715	   8684,971	       0
 1716	   8689,916	       0
 1717	   8694,861	       0
 1718	   8699,805	       1
 1719	   8704,750	       0
 1720	   8709,695	       0
 1721	   8714,639	       0
 1722	   8719,584	       0
 1723	   8724,529	       0
 1724	   8729,473	       0
 1725	   8734,418	       0
 1726	   8739,363	       0
 1727	   8744,307	       0
 1728	   8749,252	       0
 1729	   8754,197	       0
 1730	   8759,141	       0
 1731	   8764,086	       0
 1732	   8769,031	       0
 1733	   8773,975	       0
 1734	   8778,920	       0
 1735	   8783,865	       0
 1736	   8788,809	       0
 1737	   8793,754	       0
 1738	   8798,699	       0
 1739	   8803,643	       0
 1740	   8808,588	       0
 1741	   8813,533	       0
 1742	   8818,478	       0
 1743	   8823,422	       0
 1744	   8828,367	       0
 1745	   8833,312	       0
 1746	   8838,256	       0
 1747	   8843,201	       0
 1748	   8848,146	       0
 1749	   8853,090	       0
 1750	   8858,035	       0
 1751	   8862,980	       0
 1752	   8867,924	       0
 1753	   8872,869	       0
 1754	   8877,814	       0
 1755	   8882,758	       0
 1756	   8887,703	       0
 1757	   8892,648	       0
 1758	   8897,592	       0
 1759	   8902,537	       0
 1760	   8907,482	       0
 1761	   8912,426	       0
 1762	   8917,371	       0
 1763	   8922,316	       0
 1764	   8927,260	       0
 1765	   8932,205	       0
 1766	   8937,150	       0
 1767	   8942,095	       0
 1768	   8947,039	       0
 1769	   8951,984	       0
 1770	   8956,929	       0
 1771	   8961,873	       0
 1772	   8966,818	       0
 1773	   8971,763	       0
 1774	   8976,707	       0
 1775	   8981,652	       0
 1776	   8986,597	       0
 1777	   8991,541	       0
 1778	   8996,486	       0
 1779	   9001,431	       0
 1780	   9006,375	       0
 1781	   9011,320	       0
 1782	   9016,265	       0
 1783	   9021,209	       0
 1784	   9026,154	       0
 1785	   9031,099	       0
 1786	   9036,043	       0
 1787	   9040,988	       0
 1788	   9045,933	       0
 1789	   9050,877	       0
 1790	   9055,822	       0
 1791	   9060,767	       0
 1792	   9065,712	       0
 1793	   9070,656	       0
 1794	   9075,601	       0
 1795	   9080,546	       0
 1796	   9085,490	       0
 1797	   9090,435	       0
 1798	   9095,380	       0
 1799	   9100,324	       0
 1800	   9105,269	       0
 1801	   9110,214	       0
 1802	   9115,158	       0
 1803	   9120,103	       0
 1804	   9125,048	       0
 1805	   9129,992	       0
 1806	   9134,937	       0
 1807	   9139,882	       0
 1808	   9144,826	       0
 1809	   9149,771	       0
 1810	   9154,716	       0
 1811	   9159,660	       0
 1812	   9164,605	       0
 1813	   9169,550	       0
 1814	   9174,494	       0
 1815	   9179,439	       0
 1816	   9184,384	       0
 1817	   9189,328	       0
 1818	   9194,273	       0
 1819	   9199,218	       0
 1820	   9204,163	       0
 1821	   9209,107	       0
 1822	   9214,052	       0
 1823	   9218,997	       0
 1824	   9223,941	       0
 1825	   9228,886	       0
 1826	   9233,831	       0
 1827	   9238,775	       0
 1828	   9243,720	       0
 1829	   9248,665	       0
 1830	   9253,609	       0
 1831	   9258,554	       0
 1832	   9263,499	       0
 1833	   9268,443	       0
 1834	   9273,388	       0
 1835	   9278,333	       0
 1836	   9283,277	       0
 1837	   9288,222	       0
 1838	   9293,167	       0
 1839	   9298,111	       0
 1840	   9303,056	       0
 1841	   9308,001	       0
 1842	   9312,945	       0
 1843	   9317,890	       0
 1844	   9322,835	       0
 1845	   9327,780	       0
 1846	   9332,724	       0
 1847	   9337,669	       0
 1848	   9342,614	       0
 1849	   9347,558	       0
 1850	   9352,503	       0
 1851	   9357,448	       0
 1852	   9362,392	       0
 1853	   9367,337	       0
 1854	   9372,282	       0
 1855	   9377,226	       0
 1856	   9382,171	       0
 1857	   9387,116	       0
 1858	   9392,060	       0
 1859	   9397,005	       0
 1860	   9401,950	       0
 1861	   9406,894	       0
 1862	   9411,839	       0
 1863	   9416,784	       0
 1864	   9421,728	       0
 1865	   9426,673	       0
 1866	   9431,618	       0
 1867	   9436,562	       0
 1868	   9441,507	       0
 1869	   9446,452	       0
 1870	   9451,397	       0
 1871	   9456,341	       0
 1872	   9461,286	       0
 1873	   9466,231	       0
 1874	   9471,175	       0
 1875	   9476,120	       0
 1876	   9481,065	       0
 1877	   9486,009	       0
 1878	   9490,954	       0
 1879	   9495,899	       0
 1880	   9500,843	       0
 1881	   9505,788	       0
 1882	   9510,733	       0
 1883	   9515,677	       0
 1884	   9520,622	       0
 1885	   9525,567	       0
 1886	   9530,511	       0
 1887	   9535,456	       0
 1888	   9540,401	       0
 1889	   9545,345	       0
 1890	   9550,290	       0
 1891	   9555,235	       0
 1892	   9560,179	       0
 1893	   9565,124	       0
 1894	   9570,069	       0
 1895	   9575,014	       0
 1896	   9579,958	       0
 1897	   9584,903	       0
 1898	   9589,848	       0
 1899	   9594,792	       0
 1900	   9599,737	       0
 1901	   9604,682	       0
 1902	   9609,626	       0
 1903	   9614,571	       0
 1904	   9619,516	       0
 1905	   9624,460	       0
 1906	   9629,405	       0
 1907	   9634,350	       0
 1908	   9639,294	       0
 1909	   9644,239	       0
 1910	   9649,184	       0
 1911	   9654,128	       0
 1912	   9659,073	       0
 1913	   9664,018	       0
 1914	   9668,962	       0
 1915	   9673,907	       0
 1916	   9678,852	       0
 1917	   9683,796	       0
 1918	   9688,741	       0
 1919	   9693,686	       0
 1920	   9698,631	       0
 1921	   9703,575	       0
 1922	   9708,520	       0
 1923	   9713,465	       0
 1924	   9718,409	       0
 1925	   9723,354	       0
 1926	   9728,299	       0
 1927	   9733,243	       0
 1928	   9738,188	       0
 1929	   9743,133	       0
 1930	   9748,077	       0
 1931	   9753,022	       0
 1932	   9757,967	       0
 1933	   9762,911	       0
 1934	   9767,856	       0
 1935	   9772,801	       0
 1936	   9777,745	       0
 1937	   9782,690	       0
 1938	   9787,635	       0
 1939	   9792,579	       0
 1940	   9797,524	       0
 1941	   9802,469	       0
 1942	   9807,413	       0
 1943	   9812,358	       0
 1944	   9817,303	       0
 1945	   9822,248	       0
 1946	   9827,192	       0
 1947	   9832,137	       0
 1948	   9837,082	       0
 1949	   9842,026	       0
 1950	   9846,971	       0
 1951	   9851,916	       0
 1952	   9856,860	       0
 1953	   9861,805	       0
 1954	   9866,750	       0
 1955	   9871,694	       0
 1956	   9876,639	       0
 1957	   9881,584	       0
 1958	   9886,528	       0
 1959	   9891,473	       0
 1960	   9896,418	       0
 1961	   9901,362	       0
 1962	   9906,307	       0
 1963	   9911,252	       0
 1964	   9916,196	       0
 1965	   9921,141	       0
 1966	   9926,086	       0
 1967	   9931,030	       0
 1968	   9935,975	       0
 1969	   9940,920	       0
 1970	   9945,864	       0
 1971	   9950,809	       0
 1972	   9955,754	       0
 1973	   9960,699	       0
 1974	   9965,643	       0
 1975	   9970,588	       0
 1976	   9975,533	       0
 1977	   9980,477	       0
 1978	   9985,422	       0
 1979	   9990,367	       0
 1980	   9995,311	       0
 1981	  10000,260	       0
 1982	  10005,200	       0
 1983	  10010,150	       0
 1984	  10015,090	       0
 1985	  10020,030	       0
 1986	  10024,980	       0
 1987	  10029,920	       0
 1988	  10034,870	       0
 1989	  10039,810	       0
 1990	  10044,760	       0
 1991	  10049,700	       0
 1992	  10054,650	       0
 1993	  10059,590	       0
 1994	  10064,540	       0
 1995	  10069,480	       0
 1996	  10074,430	       0
 1997	  10079,370	       0
 1998	  10084,320	       0
 1999	  10089,260	       0
 2000	  10094,200	       0
 2001	  10099,150	       0
 2002	  10104,090	       0
 2003	  10109,040	       0
 2004	  10113,980	       0
 2005	  10118,930	       0
 2006	  10123,870	       0
 2007	  10128,820	       0
 2008	  10133,760	       0
 2009	  10138,710	       0
 2010	  10143,650	       0
 2011	  10148,600	       0
 2012	  10153,540	       0
 2013	  10158,490	       0
 2014	  10163,430	       0
 2015	  10168,380	       0
 2016	  10173,320	       0
 2017	  10178,260	       0
 2018	  10183,210	       0
 2019	  10188,150	       0
 2020	  10193,100	       0
 2021	  10198,040	       0
 2022	  10202,990	       0
 2023	  10207,930	       0
 2024	  10212,880	       0
 2025	  10217,820	       0
 2026	  10222,770	       0
 2027	  10227,710	       0
 2028	  10232,660	       0
 2029	  10237,600	       0
 2030	  10242,550	       0
 2031	  10247,490	       0
 2032	  10252,430	       0
 2033	  10257,380	       0
 2034	  10262,320	       0
 2035	  10267,270	       0
 2036	  10272,210	       0
 2037	  10277,160	       0
 2038	  10282,100	       0
 2039	  10287,050	       0
 2040	  10291,990	       0
 2041	  10296,940	       0
 2042	  10301,880	       0
 2043	  10306,830	       0
 2044	  10311,770	       0
 2045	  10316,720	       0
 2046	  10321,660	       0
 2047	  10326,600	       0
