    0	    192,817	       0
    1	    200,441	       0
    2	    208,065	       0
    3	    215,690	       0
    4	    223,314	       0
    5	    230,938	       0
    6	    238,562	       0
    7	    246,186	       0
    8	    253,811	       0
    9	    261,435	       0
   10	    269,059	       0
   11	    276,683	       0
   12	    284,307	       0
   13	    291,932	       0
   14	    299,556	       0
   15	    307,180	       0
   16	    314,804	       0
   17	    322,428	       0
   18	    330,053	       0
   19	    337,677	       0
   20	    345,301	       0
   21	    352,925	       0
   22	    360,549	       0
   23	    368,174	       0
   24	    375,798	       0
   25	    383,422	       0
   26	    391,046	       0
   27	    398,670	       0
   28	    406,295	       0
   29	    413,919	       0
   30	    421,543	       0
   31	    429,167	       0
   32	    436,791	       0
   33	    444,416	       0
   34	    452,040	       0
   35	    459,664	       0
   36	    467,288	       0
   37	    474,912	       0
   38	    482,537	       0
   39	    490,161	       0
   40	    497,785	       0
   41	    505,409	       0
   42	    513,033	       0
   43	    520,658	       0
   44	    528,282	       0
   45	    535,906	       0
   46	    543,530	       0
   47	    551,154	       0
   48	    558,779	       0
   49	    566,403	       0
   50	    574,027	       0
   51	    581,651	       0
   52	    589,275	       0
   53	    596,900	       0
   54	    604,524	       0
   55	    612,148	       0
   56	    619,772	       0
   57	    627,396	       0
   58	    635,021	       0
   59	    642,645	       0
   60	    650,269	       0
   61	    657,893	       0
   62	    665,517	       0
   63	    673,142	       0
   64	    680,766	       0
   65	    688,390	       0
   66	    696,014	       0
   67	    703,638	       0
   68	    711,263	       0
   69	    718,887	       0
   70	    726,511	       0
   71	    734,135	       0
   72	    741,759	       0
   73	    749,384	       0
   74	    757,008	       0
   75	    764,632	       0
   76	    772,256	       0
   77	    779,880	       0
   78	    787,505	       0
   79	    795,129	       0
   80	    802,753	       0
   81	    810,377	       0
   82	    818,001	       0
   83	    825,626	       0
   84	    833,250	       0
   85	    840,874	       0
   86	    848,498	       0
   87	    856,123	       0
   88	    863,747	       0
   89	    871,371	       0
   90	    878,995	       0
   91	    886,619	       0
   92	    894,244	       0
   93	    901,868	       0
   94	    909,492	       0
   95	    917,116	       0
   96	    924,740	       0
   97	    932,365	       0
   98	    939,989	       0
   99	    947,613	       0
  100	    955,237	       0
  101	    962,861	       0
  102	    970,486	       5
  103	    978,110	       6
  104	    985,734	       6
  105	    993,358	       2
  106	   1000,982	       5
  107	   1008,607	       4
  108	   1016,231	       3
  109	   1023,855	       4
  110	   1031,479	       6
  111	   1039,103	       2
  112	   1046,728	       2
  113	   1054,352	       2
  114	   1061,976	       2
  115	   1069,600	       5
  116	   1077,224	       3
  117	   1084,849	       0
  118	   1092,473	       2
  119	   1100,097	       4
  120	   1107,721	       2
  121	   1115,345	       1
  122	   1122,970	       2
  123	   1130,594	       0
  124	   1138,218	       1
  125	   1145,842	       2
  126	   1153,466	       0
  127	   1161,091	       0
  128	   1168,715	       0
  129	   1176,339	       2
  130	   1183,963	       3
  131	   1191,587	       0
  132	   1199,212	       0
  133	   1206,836	       0
  134	   1214,460	       0
  135	   1222,084	       0
  136	   1229,708	       0
  137	   1237,333	       3
  138	   1244,957	       1
  139	   1252,581	       0
  140	   1260,205	       1
  141	   1267,829	       0
  142	   1275,454	       1
  143	   1283,078	       0
  144	   1290,702	       2
  145	   1298,326	       0
  146	   1305,950	       0
  147	   1313,575	       1
  148	   1321,199	       0
  149	   1328,823	       2
  150	   1336,447	       0
  151	   1344,071	       2
  152	   1351,696	       0
  153	   1359,320	       0
  154	   1366,944	       1
  155	   1374,568	       0
  156	   1382,192	       0
  157	   1389,817	       0
  158	   1397,441	       1
  159	   1405,065	       0
  160	   1412,689	       0
  161	   1420,313	       1
  162	   1427,938	       0
  163	   1435,562	       0
  164	   1443,186	       0
  165	   1450,810	       0
  166	   1458,434	       1
  167	   1466,059	       1
  168	   1473,683	       0
  169	   1481,307	       1
  170	   1488,931	       1
  171	   1496,555	       1
  172	   1504,180	       1
  173	   1511,804	       0
  174	   1519,428	       4
  175	   1527,052	       1
  176	   1534,677	       2
  177	   1542,301	       2
  178	   1549,925	       6
  179	   1557,549	       1
  180	   1565,173	       3
  181	   1572,798	       4
  182	   1580,422	       5
  183	   1588,046	       6
  184	   1595,670	       4
  185	   1603,294	       5
  186	   1610,919	       8
  187	   1618,543	       9
  188	   1626,167	      11
  189	   1633,791	       8
  190	   1641,415	       9
  191	   1649,040	       6
  192	   1656,664	      11
  193	   1664,288	      13
  194	   1671,912	      14
  195	   1679,536	       6
  196	   1687,161	       6
  197	   1694,785	      10
  198	   1702,409	       6
  199	   1710,033	      13
  200	   1717,657	      10
  201	   1725,282	      15
  202	   1732,906	       8
  203	   1740,530	       9
  204	   1748,154	      11
  205	   1755,778	       5
  206	   1763,403	      10
  207	   1771,027	       6
  208	   1778,651	      10
  209	   1786,275	       5
  210	   1793,899	       7
  211	   1801,524	       9
  212	   1809,148	       6
  213	   1816,772	       4
  214	   1824,396	       5
  215	   1832,020	       3
  216	   1839,645	       3
  217	   1847,269	       0
  218	   1854,893	       3
  219	   1862,517	       3
  220	   1870,141	       2
  221	   1877,766	       0
  222	   1885,390	       0
  223	   1893,014	       0
  224	   1900,638	       2
  225	   1908,262	       3
  226	   1915,887	       2
  227	   1923,511	       1
  228	   1931,135	       4
  229	   1938,759	       3
  230	   1946,383	       1
  231	   1954,008	       6
  232	   1961,632	       2
  233	   1969,256	       9
  234	   1976,880	      11
  235	   1984,504	       6
  236	   1992,129	      10
  237	   1999,753	      11
  238	   2007,377	       6
  239	   2015,001	       6
  240	   2022,625	      15
  241	   2030,250	      11
  242	   2037,874	      19
  243	   2045,498	      21
  244	   2053,122	      11
  245	   2060,746	      14
  246	   2068,371	      14
  247	   2075,995	      18
  248	   2083,619	      20
  249	   2091,243	      17
  250	   2098,867	      10
  251	   2106,492	      16
  252	   2114,116	      12
  253	   2121,740	      11
  254	   2129,364	       7
  255	   2136,988	      18
  256	   2144,613	       9
  257	   2152,237	      16
  258	   2159,861	       4
  259	   2167,485	      13
  260	   2175,109	       4
  261	   2182,734	       2
  262	   2190,358	       3
  263	   2197,982	       7
  264	   2205,606	       2
  265	   2213,231	       2
  266	   2220,855	       2
  267	   2228,479	       1
  268	   2236,103	       0
  269	   2243,727	       0
  270	   2251,352	       0
  271	   2258,976	       0
  272	   2266,600	       0
  273	   2274,224	       0
  274	   2281,848	       0
  275	   2289,473	       0
  276	   2297,097	       0
  277	   2304,721	       0
  278	   2312,345	       0
  279	   2319,969	       0
  280	   2327,594	       0
  281	   2335,218	       0
  282	   2342,842	       0
  283	   2350,466	       0
  284	   2358,090	       0
  285	   2365,715	       0
  286	   2373,339	       0
  287	   2380,963	       0
  288	   2388,587	       0
  289	   2396,211	       0
  290	   2403,836	       0
  291	   2411,460	       0
  292	   2419,084	       0
  293	   2426,708	       0
  294	   2434,332	       0
  295	   2441,957	       0
  296	   2449,581	       0
  297	   2457,205	       0
  298	   2464,829	       0
  299	   2472,453	       0
  300	   2480,078	       0
  301	   2487,702	       0
  302	   2495,326	       0
  303	   2502,950	       0
  304	   2510,574	       0
  305	   2518,199	       0
  306	   2525,823	       0
  307	   2533,447	       0
  308	   2541,071	       0
  309	   2548,695	       0
  310	   2556,320	       0
  311	   2563,944	       1
  312	   2571,568	       1
  313	   2579,192	       0
  314	   2586,816	       0
  315	   2594,441	       0
  316	   2602,065	       0
  317	   2609,689	       0
  318	   2617,313	       0
  319	   2624,937	       0
  320	   2632,562	       0
  321	   2640,186	       1
  322	   2647,810	       0
  323	   2655,434	       0
  324	   2663,058	       0
  325	   2670,683	       0
  326	   2678,307	       0
  327	   2685,931	       0
  328	   2693,555	       0
  329	   2701,179	       0
  330	   2708,804	       0
  331	   2716,428	       0
  332	   2724,052	       1
  333	   2731,676	       0
  334	   2739,300	       1
  335	   2746,925	       0
  336	   2754,549	       0
  337	   2762,173	       0
  338	   2769,797	       1
  339	   2777,421	       0
  340	   2785,046	       0
  341	   2792,670	       0
  342	   2800,294	       2
  343	   2807,918	       1
  344	   2815,542	       1
  345	   2823,167	       1
  346	   2830,791	       4
  347	   2838,415	       0
  348	   2846,039	       1
  349	   2853,663	       4
  350	   2861,288	       3
  351	   2868,912	       4
  352	   2876,536	       1
  353	   2884,160	       9
  354	   2891,785	      11
  355	   2899,409	      10
  356	   2907,033	      11
  357	   2914,657	      11
  358	   2922,281	      10
  359	   2929,906	      14
  360	   2937,530	      13
  361	   2945,154	      22
  362	   2952,778	      16
  363	   2960,402	      19
  364	   2968,027	      28
  365	   2975,651	      16
  366	   2983,275	      16
  367	   2990,899	      20
  368	   2998,523	      18
  369	   3006,148	      12
  370	   3013,772	      16
  371	   3021,396	      19
  372	   3029,020	      14
  373	   3036,644	       9
  374	   3044,269	      15
  375	   3051,893	      11
  376	   3059,517	       9
  377	   3067,141	       7
  378	   3074,765	       5
  379	   3082,390	       5
  380	   3090,014	       6
  381	   3097,638	       6
  382	   3105,262	       4
  383	   3112,886	       2
  384	   3120,511	       0
  385	   3128,135	       2
  386	   3135,759	       2
  387	   3143,383	       1
  388	   3151,007	       0
  389	   3158,632	       0
  390	   3166,256	       0
  391	   3173,880	       0
  392	   3181,504	       0
  393	   3189,128	       0
  394	   3196,753	       0
  395	   3204,377	       0
  396	   3212,001	       0
  397	   3219,625	       0
  398	   3227,249	       0
  399	   3234,874	       0
  400	   3242,498	       0
  401	   3250,122	       0
  402	   3257,746	       0
  403	   3265,370	       0
  404	   3272,995	       0
  405	   3280,619	       0
  406	   3288,243	       0
  407	   3295,867	       0
  408	   3303,491	       0
  409	   3311,116	       0
  410	   3318,740	       0
  411	   3326,364	       0
  412	   3333,988	       0
  413	   3341,612	       0
  414	   3349,237	       0
  415	   3356,861	       0
  416	   3364,485	       0
  417	   3372,109	       0
  418	   3379,733	       0
  419	   3387,358	       0
  420	   3394,982	       0
  421	   3402,606	       0
  422	   3410,230	       0
  423	   3417,854	       0
  424	   3425,479	       0
  425	   3433,103	       0
  426	   3440,727	       0
  427	   3448,351	       0
  428	   3455,975	       0
  429	   3463,600	       0
  430	   3471,224	       0
  431	   3478,848	       0
  432	   3486,472	       0
  433	   3494,096	       0
  434	   3501,721	       0
  435	   3509,345	       0
  436	   3516,969	       0
  437	   3524,593	       0
  438	   3532,217	       0
  439	   3539,842	       0
  440	   3547,466	       0
  441	   3555,090	       0
  442	   3562,714	       0
  443	   3570,339	       0
  444	   3577,963	       0
  445	   3585,587	       0
  446	   3593,211	       0
  447	   3600,835	       0
  448	   3608,460	       0
  449	   3616,084	       0
  450	   3623,708	       0
  451	   3631,332	       0
  452	   3638,956	       0
  453	   3646,581	       0
  454	   3654,205	       0
  455	   3661,829	       0
  456	   3669,453	       0
  457	   3677,077	       0
  458	   3684,702	       0
  459	   3692,326	       0
  460	   3699,950	       0
  461	   3707,574	       0
  462	   3715,198	       0
  463	   3722,823	       0
  464	   3730,447	       0
  465	   3738,071	       0
  466	   3745,695	       0
  467	   3753,319	       0
  468	   3760,944	       0
  469	   3768,568	       0
  470	   3776,192	       0
  471	   3783,816	       0
  472	   3791,440	       0
  473	   3799,065	       0
  474	   3806,689	       0
  475	   3814,313	       0
  476	   3821,937	       0
  477	   3829,561	       0
  478	   3837,186	       0
  479	   3844,810	       0
  480	   3852,434	       0
  481	   3860,058	       0
  482	   3867,682	       0
  483	   3875,307	       0
  484	   3882,931	       0
  485	   3890,555	       0
  486	   3898,179	       0
  487	   3905,803	       0
  488	   3913,428	       0
  489	   3921,052	       0
  490	   3928,676	       0
  491	   3936,300	       0
  492	   3943,924	       0
  493	   3951,549	       0
  494	   3959,173	       0
  495	   3966,797	       0
  496	   3974,421	       0
  497	   3982,045	       0
  498	   3989,670	       0
  499	   3997,294	       0
  500	   4004,918	       0
  501	   4012,542	       0
  502	   4020,166	       0
  503	   4027,791	       0
  504	   4035,415	       0
  505	   4043,039	       0
  506	   4050,663	       0
  507	   4058,287	       0
  508	   4065,912	       0
  509	   4073,536	       0
  510	   4081,160	       0
  511	   4088,784	       0
  512	   4096,408	       0
  513	   4104,033	       0
  514	   4111,657	       1
  515	   4119,281	       0
  516	   4126,905	       0
  517	   4134,529	       0
  518	   4142,154	       0
  519	   4149,778	       0
  520	   4157,402	       0
  521	   4165,026	       0
  522	   4172,650	       0
  523	   4180,275	       0
  524	   4187,899	       0
  525	   4195,523	       0
  526	   4203,147	       0
  527	   4210,771	       0
  528	   4218,396	       0
  529	   4226,020	       0
  530	   4233,644	       0
  531	   4241,268	       0
  532	   4248,893	       0
  533	   4256,517	       0
  534	   4264,141	       1
  535	   4271,765	       0
  536	   4279,389	       0
  537	   4287,014	       0
  538	   4294,638	       0
  539	   4302,262	       0
  540	   4309,886	       0
  541	   4317,510	       0
  542	   4325,135	       0
  543	   4332,759	       0
  544	   4340,383	       0
  545	   4348,007	       0
  546	   4355,631	       0
  547	   4363,256	       0
  548	   4370,880	       0
  549	   4378,504	       0
  550	   4386,128	       0
  551	   4393,752	       0
  552	   4401,377	       0
  553	   4409,001	       0
  554	   4416,625	       0
  555	   4424,249	       0
  556	   4431,873	       0
  557	   4439,498	       0
  558	   4447,122	       0
  559	   4454,746	       0
  560	   4462,370	       0
  561	   4469,994	       0
  562	   4477,619	       0
  563	   4485,243	       0
  564	   4492,867	       0
  565	   4500,491	       0
  566	   4508,115	       0
  567	   4515,740	       0
  568	   4523,364	       0
  569	   4530,988	       0
  570	   4538,612	       0
  571	   4546,236	       0
  572	   4553,861	       0
  573	   4561,485	       0
  574	   4569,109	       0
  575	   4576,733	       0
  576	   4584,357	       0
  577	   4591,982	       0
  578	   4599,606	       0
  579	   4607,230	       0
  580	   4614,854	       0
  581	   4622,478	       0
  582	   4630,103	       0
  583	   4637,727	       0
  584	   4645,351	       0
  585	   4652,975	       0
  586	   4660,599	       0
  587	   4668,224	       0
  588	   4675,848	       0
  589	   4683,472	       0
  590	   4691,096	       0
  591	   4698,720	       0
  592	   4706,345	       1
  593	   4713,969	       0
  594	   4721,593	       0
  595	   4729,217	       0
  596	   4736,841	       0
  597	   4744,466	       0
  598	   4752,090	       0
  599	   4759,714	       0
  600	   4767,338	       0
  601	   4774,962	       0
  602	   4782,587	       0
  603	   4790,211	       0
  604	   4797,835	       0
  605	   4805,459	       0
  606	   4813,083	       0
  607	   4820,708	       0
  608	   4828,332	       0
  609	   4835,956	       0
  610	   4843,580	       0
  611	   4851,204	       0
  612	   4858,829	       0
  613	   4866,453	       0
  614	   4874,077	       0
  615	   4881,701	       0
  616	   4889,325	       0
  617	   4896,950	       1
  618	   4904,574	       0
  619	   4912,198	       0
  620	   4919,822	       0
  621	   4927,447	       0
  622	   4935,071	       0
  623	   4942,695	       0
  624	   4950,319	       0
  625	   4957,943	       0
  626	   4965,568	       0
  627	   4973,192	       0
  628	   4980,816	       0
  629	   4988,440	       0
  630	   4996,064	       0
  631	   5003,689	       0
  632	   5011,313	       0
  633	   5018,937	       0
  634	   5026,561	       0
  635	   5034,185	       0
  636	   5041,810	       1
  637	   5049,434	       0
  638	   5057,058	       0
  639	   5064,682	       0
  640	   5072,306	       0
  641	   5079,931	       0
  642	   5087,555	       0
  643	   5095,179	       0
  644	   5102,803	       0
  645	   5110,427	       0
  646	   5118,052	       1
  647	   5125,676	       0
  648	   5133,300	       0
  649	   5140,924	       0
  650	   5148,548	       0
  651	   5156,173	       0
  652	   5163,797	       1
  653	   5171,421	       1
  654	   5179,045	       0
  655	   5186,669	       0
  656	   5194,294	       0
  657	   5201,918	       0
  658	   5209,542	       0
  659	   5217,166	       0
  660	   5224,790	       1
  661	   5232,415	       3
  662	   5240,039	       1
  663	   5247,663	       2
  664	   5255,287	       2
  665	   5262,911	       6
  666	   5270,536	       5
  667	   5278,160	       4
  668	   5285,784	      10
  669	   5293,408	      10
  670	   5301,032	       7
  671	   5308,657	      16
  672	   5316,281	      14
  673	   5323,905	      21
  674	   5331,529	      22
  675	   5339,153	       9
  676	   5346,778	      27
  677	   5354,402	      14
  678	   5362,026	      24
  679	   5369,650	      28
  680	   5377,274	      29
  681	   5384,899	      22
  682	   5392,523	      21
  683	   5400,147	      12
  684	   5407,771	      22
  685	   5415,395	      16
  686	   5423,020	      12
  687	   5430,644	      11
  688	   5438,268	       9
  689	   5445,892	       4
  690	   5453,516	       4
  691	   5461,141	       6
  692	   5468,765	       3
  693	   5476,389	       2
  694	   5484,013	       1
  695	   5491,637	       4
  696	   5499,262	       1
  697	   5506,886	       1
  698	   5514,510	       0
  699	   5522,134	       0
  700	   5529,758	       0
  701	   5537,383	       0
  702	   5545,007	       0
  703	   5552,631	       0
  704	   5560,255	       0
  705	   5567,879	       0
  706	   5575,504	       0
  707	   5583,128	       0
  708	   5590,752	       0
  709	   5598,376	       1
  710	   5606,001	       0
  711	   5613,625	       0
  712	   5621,249	       0
  713	   5628,873	       1
  714	   5636,497	       0
  715	   5644,122	       0
  716	   5651,746	       0
  717	   5659,370	       0
  718	   5666,994	       0
  719	   5674,618	       0
  720	   5682,243	       0
  721	   5689,867	       0
  722	   5697,491	       0
  723	   5705,115	       0
  724	   5712,739	       0
  725	   5720,364	       0
  726	   5727,988	       0
  727	   5735,612	       0
  728	   5743,236	       0
  729	   5750,860	       0
  730	   5758,485	       0
  731	   5766,109	       0
  732	   5773,733	       0
  733	   5781,357	       0
  734	   5788,981	       0
  735	   5796,606	       0
  736	   5804,230	       0
  737	   5811,854	       0
  738	   5819,478	       0
  739	   5827,102	       0
  740	   5834,727	       0
  741	   5842,351	       0
  742	   5849,975	       0
  743	   5857,599	       0
  744	   5865,223	       0
  745	   5872,848	       0
  746	   5880,472	       0
  747	   5888,096	       0
  748	   5895,720	       0
  749	   5903,344	       0
  750	   5910,969	       0
  751	   5918,593	       0
  752	   5926,217	       0
  753	   5933,841	       0
  754	   5941,465	       0
  755	   5949,090	       0
  756	   5956,714	       0
  757	   5964,338	       0
  758	   5971,962	       0
  759	   5979,586	       0
  760	   5987,211	       0
  761	   5994,835	       0
  762	   6002,459	       0
  763	   6010,083	       0
  764	   6017,707	       0
  765	   6025,332	       0
  766	   6032,956	       0
  767	   6040,580	       0
  768	   6048,204	       0
  769	   6055,828	       0
  770	   6063,453	       0
  771	   6071,077	       0
  772	   6078,701	       0
  773	   6086,325	       0
  774	   6093,949	       0
  775	   6101,574	       0
  776	   6109,198	       0
  777	   6116,822	       0
  778	   6124,446	       0
  779	   6132,070	       0
  780	   6139,695	       0
  781	   6147,319	       0
  782	   6154,943	       0
  783	   6162,567	       0
  784	   6170,191	       0
  785	   6177,816	       0
  786	   6185,440	       0
  787	   6193,064	       0
  788	   6200,688	       0
  789	   6208,312	       0
  790	   6215,937	       0
  791	   6223,561	       0
  792	   6231,185	       0
  793	   6238,809	       0
  794	   6246,433	       0
  795	   6254,058	       0
  796	   6261,682	       0
  797	   6269,306	       0
  798	   6276,930	       0
  799	   6284,555	       0
  800	   6292,179	       0
  801	   6299,803	       0
  802	   6307,427	       0
  803	   6315,051	       0
  804	   6322,676	       0
  805	   6330,300	       0
  806	   6337,924	       0
  807	   6345,548	       0
  808	   6353,172	       0
  809	   6360,797	       0
  810	   6368,421	       0
  811	   6376,045	       0
  812	   6383,669	       0
  813	   6391,293	       0
  814	   6398,918	       0
  815	   6406,542	       0
  816	   6414,166	       0
  817	   6421,790	       0
  818	   6429,414	       0
  819	   6437,039	       0
  820	   6444,663	       0
  821	   6452,287	       0
  822	   6459,911	       0
  823	   6467,535	       0
  824	   6475,160	       0
  825	   6482,784	       0
  826	   6490,408	       0
  827	   6498,032	       0
  828	   6505,656	       0
  829	   6513,281	       0
  830	   6520,905	       0
  831	   6528,529	       0
  832	   6536,153	       0
  833	   6543,777	       0
  834	   6551,402	       0
  835	   6559,026	       0
  836	   6566,650	       0
  837	   6574,274	       0
  838	   6581,898	       0
  839	   6589,523	       0
  840	   6597,147	       0
  841	   6604,771	       0
  842	   6612,395	       0
  843	   6620,019	       0
  844	   6627,644	       0
  845	   6635,268	       0
  846	   6642,892	       0
  847	   6650,516	       0
  848	   6658,140	       0
  849	   6665,765	       0
  850	   6673,389	       0
  851	   6681,013	       0
  852	   6688,637	       0
  853	   6696,261	       0
  854	   6703,886	       0
  855	   6711,510	       0
  856	   6719,134	       0
  857	   6726,758	       0
  858	   6734,382	       0
  859	   6742,007	       0
  860	   6749,631	       0
  861	   6757,255	       0
  862	   6764,879	       0
  863	   6772,503	       0
  864	   6780,128	       0
  865	   6787,752	       0
  866	   6795,376	       0
  867	   6803,000	       0
  868	   6810,624	       0
  869	   6818,249	       0
  870	   6825,873	       0
  871	   6833,497	       0
  872	   6841,121	       0
  873	   6848,745	       0
  874	   6856,370	       0
  875	   6863,994	       0
  876	   6871,618	       0
  877	   6879,242	       0
  878	   6886,866	       0
  879	   6894,491	       0
  880	   6902,115	       0
  881	   6909,739	       0
  882	   6917,363	       0
  883	   6924,987	       0
  884	   6932,612	       0
  885	   6940,236	       0
  886	   6947,860	       0
  887	   6955,484	       0
  888	   6963,109	       0
  889	   6970,733	       0
  890	   6978,357	       0
  891	   6985,981	       0
  892	   6993,605	       0
  893	   7001,230	       0
  894	   7008,854	       0
  895	   7016,478	       0
  896	   7024,102	       0
  897	   7031,726	       0
  898	   7039,351	       0
  899	   7046,975	       0
  900	   7054,599	       0
  901	   7062,223	       0
  902	   7069,847	       0
  903	   7077,472	       0
  904	   7085,096	       0
  905	   7092,720	       0
  906	   7100,344	       0
  907	   7107,968	       0
  908	   7115,593	       0
  909	   7123,217	       0
  910	   7130,841	       0
  911	   7138,465	       0
  912	   7146,089	       0
  913	   7153,714	       0
  914	   7161,338	       0
  915	   7168,962	       0
  916	   7176,586	       0
  917	   7184,210	       0
  918	   7191,835	       0
  919	   7199,459	       0
  920	   7207,083	       0
  921	   7214,707	       0
  922	   7222,331	       0
  923	   7229,956	       0
  924	   7237,580	       0
  925	   7245,204	       0
  926	   7252,828	       0
  927	   7260,452	       0
  928	   7268,077	       0
  929	   7275,701	       0
  930	   7283,325	       0
  931	   7290,949	       0
  932	   7298,573	       0
  933	   7306,198	       0
  934	   7313,822	       0
  935	   7321,446	       0
  936	   7329,070	       0
  937	   7336,694	       0
  938	   7344,319	       0
  939	   7351,943	       0
  940	   7359,567	       0
  941	   7367,191	       0
  942	   7374,815	       0
  943	   7382,440	       0
  944	   7390,064	       0
  945	   7397,688	       0
  946	   7405,312	       0
  947	   7412,936	       0
  948	   7420,561	       0
  949	   7428,185	       0
  950	   7435,809	       0
  951	   7443,433	       0
  952	   7451,057	       0
  953	   7458,682	       0
  954	   7466,306	       0
  955	   7473,930	       0
  956	   7481,554	       0
  957	   7489,178	       0
  958	   7496,803	       0
  959	   7504,427	       0
  960	   7512,051	       0
  961	   7519,675	       0
  962	   7527,299	       0
  963	   7534,924	       0
  964	   7542,548	       0
  965	   7550,172	       1
  966	   7557,796	       0
  967	   7565,420	       0
  968	   7573,045	       0
  969	   7580,669	       0
  970	   7588,293	       0
  971	   7595,917	       0
  972	   7603,541	       0
  973	   7611,166	       0
  974	   7618,790	       0
  975	   7626,414	       0
  976	   7634,038	       0
  977	   7641,663	       0
  978	   7649,287	       0
  979	   7656,911	       0
  980	   7664,535	       0
  981	   7672,159	       0
  982	   7679,784	       0
  983	   7687,408	       1
  984	   7695,032	       0
  985	   7702,656	       1
  986	   7710,280	       0
  987	   7717,905	       0
  988	   7725,529	       0
  989	   7733,153	       0
  990	   7740,777	       0
  991	   7748,401	       0
  992	   7756,026	       0
  993	   7763,650	       0
  994	   7771,274	       0
  995	   7778,898	       0
  996	   7786,522	       0
  997	   7794,147	       0
  998	   7801,771	       0
  999	   7809,395	       0
 1000	   7817,019	       0
 1001	   7824,643	       0
 1002	   7832,268	       0
 1003	   7839,892	       0
 1004	   7847,516	       0
 1005	   7855,140	       0
 1006	   7862,764	       0
 1007	   7870,389	       0
 1008	   7878,013	       0
 1009	   7885,637	       0
 1010	   7893,261	       0
 1011	   7900,885	       0
 1012	   7908,510	       0
 1013	   7916,134	       0
 1014	   7923,758	       0
 1015	   7931,382	       0
 1016	   7939,006	       0
 1017	   7946,631	       0
 1018	   7954,255	       0
 1019	   7961,879	       0
 1020	   7969,503	       0
 1021	   7977,127	       0
 1022	   7984,752	       0
 1023	   7992,376	       0
